Frequency (Hz)	Level (dB)
1.953125	-99.161407
3.906250	-96.544212
5.859375	-93.248726
7.812500	-92.199966
9.765625	-89.206093
11.718750	-85.899643
13.671875	-84.565994
15.625000	-84.222969
17.578125	-83.812454
19.531250	-83.173538
21.484375	-81.557129
23.437500	-80.464294
25.390625	-80.650444
27.343750	-80.035347
29.296875	-79.536842
31.250000	-80.114784
33.203125	-80.436707
35.156250	-79.595459
37.109375	-79.685730
39.062500	-80.104797
41.015625	-79.654419
42.968750	-79.783997
44.921875	-79.188606
46.875000	-79.247559
48.828125	-78.169426
50.781250	-77.492973
52.734375	-77.468277
54.687500	-76.107895
56.640625	-74.809738
58.593750	-74.135933
60.546875	-74.452499
62.500000	-74.022064
64.453125	-75.784836
66.406250	-78.329056
68.359375	-78.141556
70.312500	-77.060989
72.265625	-77.179718
74.218750	-76.087212
76.171875	-76.000870
78.125000	-76.769646
80.078125	-76.973877
82.031250	-75.363548
83.984375	-74.459457
85.937500	-74.866852
87.890625	-75.582069
89.843750	-75.817612
91.796875	-74.504387
93.750000	-74.459869
95.703125	-76.442062
97.656250	-75.863564
99.609375	-74.954552
101.562500	-74.114723
103.515625	-72.281113
105.468750	-72.619247
107.421875	-73.093712
109.375000	-72.450195
111.328125	-71.029121
113.281250	-68.890007
115.234375	-67.109688
117.187500	-63.804466
119.140625	-56.566677
121.093750	-56.421967
123.046875	-63.171608
125.000000	-67.116753
126.953125	-67.657074
128.906250	-66.302666
130.859375	-65.182953
132.812500	-64.301292
134.765625	-63.222900
136.718750	-63.023422
138.671875	-62.108620
140.625000	-61.079700
142.578125	-60.323643
144.531250	-60.221474
146.484375	-60.639908
148.437500	-60.383129
150.390625	-59.446178
152.343750	-60.064377
154.296875	-60.928097
156.250000	-62.224453
158.203125	-63.284161
160.156250	-63.645874
162.109375	-64.067001
164.062500	-65.403725
166.015625	-65.827438
167.968750	-67.136749
169.921875	-68.585060
171.875000	-68.732216
173.828125	-68.605087
175.781250	-68.991257
177.734375	-69.023315
179.687500	-69.158791
181.640625	-69.848251
183.593750	-70.517349
185.546875	-71.073936
187.500000	-71.423912
189.453125	-70.636078
191.406250	-70.648994
193.359375	-70.692596
195.312500	-70.795242
197.265625	-71.915817
199.218750	-71.527649
201.171875	-71.403389
203.125000	-71.389618
205.078125	-71.522903
207.031250	-71.608833
208.984375	-71.866859
210.937500	-71.759743
212.890625	-70.764755
214.843750	-71.053604
216.796875	-71.073463
218.750000	-71.401634
220.703125	-71.374367
222.656250	-71.786308
224.609375	-71.376892
226.562500	-72.201714
228.515625	-72.278358
230.468750	-71.615219
232.421875	-71.108757
234.375000	-70.851448
236.328125	-71.294205
238.281250	-71.761826
240.234375	-70.562912
242.187500	-69.689850
244.140625	-70.184196
246.093750	-70.230972
248.046875	-69.146362
250.000000	-68.814163
251.953125	-68.925919
253.906250	-68.029572
255.859375	-67.215591
257.812500	-67.606369
259.765625	-67.724487
261.718750	-67.082542
263.671875	-66.508812
265.625000	-65.576210
267.578125	-64.670151
269.531250	-64.539459
271.484375	-63.933662
273.437500	-63.564411
275.390625	-62.235924
277.343750	-61.490398
279.296875	-61.689568
281.250000	-60.317722
283.203125	-59.361225
285.156250	-58.463608
287.109375	-58.139790
289.062500	-57.905350
291.015625	-57.902672
292.968750	-58.386185
294.921875	-59.265438
296.875000	-60.782864
298.828125	-61.767776
300.781250	-62.564987
302.734375	-62.959087
304.687500	-63.911957
306.640625	-64.016670
308.593750	-64.244080
310.546875	-64.610916
312.500000	-65.348846
314.453125	-64.958946
316.406250	-65.445801
318.359375	-66.349342
320.312500	-67.085518
322.265625	-67.607384
324.218750	-67.603073
326.171875	-68.274574
328.125000	-68.087120
330.078125	-67.273567
332.031250	-68.001778
333.984375	-68.437912
335.937500	-68.892517
337.890625	-69.174950
339.843750	-69.841591
341.796875	-69.734520
343.750000	-69.467964
345.703125	-70.085556
347.656250	-69.941849
349.609375	-70.141541
351.562500	-69.623375
353.515625	-69.217850
355.468750	-69.525078
357.421875	-70.315781
359.375000	-70.318253
361.328125	-70.367622
363.281250	-70.144005
365.234375	-71.004066
367.187500	-70.570679
369.140625	-70.085861
371.093750	-69.978767
373.046875	-69.403259
375.000000	-69.555504
376.953125	-69.922340
378.906250	-69.732590
380.859375	-69.363770
382.812500	-68.993042
384.765625	-68.789124
386.718750	-69.115379
388.671875	-68.591873
390.625000	-68.319168
392.578125	-69.051880
394.531250	-67.983879
396.484375	-67.241745
398.437500	-67.302559
400.390625	-66.697174
402.343750	-65.673935
404.296875	-65.454887
406.250000	-65.858170
408.203125	-64.825066
410.156250	-64.342148
412.109375	-63.867157
414.062500	-63.610275
416.015625	-62.029175
417.968750	-61.372826
419.921875	-60.597420
421.875000	-59.463821
423.828125	-57.969635
425.781250	-57.240150
427.734375	-57.141895
429.687500	-56.247761
431.640625	-55.180790
433.593750	-55.722286
435.546875	-56.247780
437.500000	-56.477798
439.453125	-58.094662
441.406250	-59.350780
443.359375	-60.079918
445.312500	-60.446430
447.265625	-61.265171
449.218750	-61.985958
451.171875	-63.145412
453.125000	-64.252151
455.078125	-64.038048
457.031250	-64.709366
458.984375	-64.853226
460.937500	-64.687180
462.890625	-65.513802
464.843750	-66.424820
466.796875	-66.223122
468.750000	-65.990295
470.703125	-66.511978
472.656250	-67.524040
474.609375	-68.212776
476.562500	-68.317879
478.515625	-68.382286
480.468750	-68.482567
482.421875	-68.354195
484.375000	-68.491951
486.328125	-68.956757
488.281250	-68.760399
490.234375	-68.459068
492.187500	-68.910744
494.140625	-68.836815
496.093750	-69.264030
498.046875	-69.674316
500.000000	-69.653816
501.953125	-68.948502
503.906250	-69.782349
505.859375	-69.215172
507.812500	-68.956398
509.765625	-69.134537
511.718750	-68.972015
513.671875	-69.572105
515.625000	-68.644150
517.578125	-69.053909
519.531250	-68.889572
521.484375	-68.578651
523.437500	-68.808044
525.390625	-68.926529
527.343750	-68.405960
529.296875	-68.084549
531.250000	-67.477028
533.203125	-66.826027
535.156250	-66.809082
537.109375	-66.642807
539.062500	-66.611984
541.015625	-65.575447
542.968750	-65.119347
544.921875	-65.153786
546.875000	-64.620148
548.828125	-64.114799
550.781250	-63.720695
552.734375	-62.103840
554.687500	-61.176754
556.640625	-60.729160
558.593750	-60.431210
560.546875	-60.384892
562.500000	-59.393200
564.453125	-57.999229
566.406250	-57.951714
568.359375	-57.054531
570.312500	-56.307323
572.265625	-55.982224
574.218750	-56.014206
576.171875	-55.678284
578.125000	-55.724106
580.078125	-56.321144
582.031250	-56.740711
583.984375	-58.044472
585.937500	-59.164124
587.890625	-59.356209
589.843750	-59.939835
591.796875	-60.947262
593.750000	-61.744282
595.703125	-62.693916
597.656250	-62.639893
599.609375	-63.031193
601.562500	-63.847443
603.515625	-64.799904
605.468750	-65.131760
607.421875	-65.339836
609.375000	-65.835701
611.328125	-66.072830
613.281250	-66.482895
615.234375	-66.725906
617.187500	-67.040253
619.140625	-67.191071
621.093750	-66.939377
623.046875	-67.517860
625.000000	-67.133446
626.953125	-67.249916
628.906250	-68.087326
630.859375	-68.540810
632.812500	-68.073067
634.765625	-68.320290
636.718750	-68.274879
638.671875	-68.321671
640.625000	-68.702972
642.578125	-68.426697
644.531250	-67.798256
646.484375	-68.005974
648.437500	-68.160599
650.390625	-68.100182
652.343750	-67.922974
654.296875	-68.038551
656.250000	-68.382874
658.203125	-68.258858
660.156250	-68.321503
662.109375	-67.952858
664.062500	-67.145607
666.015625	-67.464355
667.968750	-67.657043
669.921875	-67.608894
671.875000	-67.116081
673.828125	-66.851410
675.781250	-67.056831
677.734375	-66.763428
679.687500	-66.097946
681.640625	-64.706841
683.593750	-64.476677
685.546875	-63.856483
687.500000	-64.005867
689.453125	-63.833035
691.406250	-63.887047
693.359375	-63.062935
695.312500	-62.844742
697.265625	-61.680199
699.218750	-61.099556
701.171875	-59.806480
703.125000	-58.653759
705.078125	-57.772793
707.031250	-57.215103
708.984375	-56.239193
710.937500	-54.598232
712.890625	-53.412163
714.843750	-52.392155
716.796875	-52.108772
718.750000	-52.614502
720.703125	-53.197716
722.656250	-54.343941
724.609375	-55.141212
726.562500	-55.858074
728.515625	-57.235332
730.468750	-58.136642
732.421875	-59.447369
734.375000	-60.140995
736.328125	-60.737995
738.281250	-61.035404
740.234375	-61.788216
742.187500	-62.409264
744.140625	-62.618233
746.093750	-63.205120
748.046875	-63.923649
750.000000	-64.618233
751.953125	-64.781418
753.906250	-65.253036
755.859375	-65.537483
757.812500	-65.933632
759.765625	-65.628677
761.718750	-66.000465
763.671875	-66.258400
765.625000	-66.620430
767.578125	-66.527473
769.531250	-66.374100
771.484375	-67.228157
773.437500	-67.396011
775.390625	-66.985100
777.343750	-67.291222
779.296875	-67.620728
781.250000	-68.313705
783.203125	-67.872963
785.156250	-67.333275
787.109375	-67.068581
789.062500	-67.563866
791.015625	-67.530502
792.968750	-66.690193
794.921875	-67.231873
796.875000	-66.925385
798.828125	-66.377312
800.781250	-66.839195
802.734375	-66.599571
804.687500	-66.761833
806.640625	-66.925728
808.593750	-66.074600
810.546875	-65.894745
812.500000	-65.705276
814.453125	-65.165955
816.406250	-65.189758
818.359375	-65.115204
820.312500	-64.542725
822.265625	-64.317726
824.218750	-63.931366
826.171875	-63.523167
828.125000	-63.246807
830.078125	-63.026878
832.031250	-62.986694
833.984375	-63.014755
835.937500	-62.340176
837.890625	-61.817238
839.843750	-61.449577
841.796875	-60.586201
843.750000	-59.369598
845.703125	-58.675449
847.656250	-57.355160
849.609375	-56.069649
851.562500	-55.220783
853.515625	-53.818142
855.468750	-52.133350
857.421875	-51.259678
859.375000	-50.982639
861.328125	-51.043812
863.281250	-51.673279
865.234375	-52.869553
867.187500	-53.911388
869.140625	-54.509060
871.093750	-55.467445
873.046875	-56.535156
875.000000	-57.726990
876.953125	-58.900402
878.906250	-60.467381
880.859375	-60.201298
882.812500	-60.566357
884.765625	-61.660011
886.718750	-62.021618
888.671875	-62.131977
890.625000	-63.056919
892.578125	-64.436905
894.531250	-64.450653
896.484375	-64.916214
898.437500	-64.791466
900.390625	-64.477592
902.343750	-64.871918
904.296875	-65.518967
906.250000	-64.742180
908.203125	-65.542198
910.156250	-66.046654
912.109375	-65.328911
914.062500	-65.802208
916.015625	-65.951347
917.968750	-65.663300
919.921875	-66.259422
921.875000	-65.895187
923.828125	-65.997826
925.781250	-65.903694
927.734375	-66.430191
929.687500	-65.792076
931.640625	-65.491768
933.593750	-65.758568
935.546875	-65.809082
937.500000	-65.949783
939.453125	-65.700928
941.406250	-65.257774
943.359375	-66.072319
945.312500	-66.161392
947.265625	-65.431847
949.218750	-64.965630
951.171875	-65.366028
953.125000	-64.860977
955.078125	-64.597603
957.031250	-64.403534
958.984375	-64.359673
960.937500	-64.624321
962.890625	-63.804100
964.843750	-63.335983
966.796875	-63.759190
968.750000	-63.798626
970.703125	-62.369762
972.656250	-61.559425
974.609375	-61.023811
976.562500	-60.645699
978.515625	-59.612267
980.468750	-59.160133
982.421875	-59.186096
984.375000	-58.495823
986.328125	-57.083748
988.281250	-56.663841
990.234375	-55.864811
992.187500	-54.228130
994.140625	-53.151489
996.093750	-52.274960
998.046875	-50.650047
1000.000000	-48.908279
1001.953125	-47.473568
1003.906250	-48.085152
1005.859375	-48.806335
1007.812500	-50.234367
1009.765625	-51.979378
1011.718750	-53.711353
1013.671875	-54.936615
1015.625000	-54.972046
1017.578125	-55.835026
1019.531250	-56.855068
1021.484375	-57.950424
1023.437500	-59.020397
1025.390625	-59.207676
1027.343750	-59.854702
1029.296875	-60.954140
1031.250000	-61.554787
1033.203125	-62.085968
1035.156250	-62.098328
1037.109375	-62.438030
1039.062500	-63.004879
1041.015625	-63.107964
1042.968750	-63.306187
1044.921875	-62.532612
1046.875000	-62.827099
1048.828125	-63.616550
1050.781250	-63.898083
1052.734375	-64.594780
1054.687500	-64.331253
1056.640625	-64.549568
1058.593750	-64.813408
1060.546875	-64.428085
1062.500000	-64.950531
1064.453125	-65.507477
1066.406250	-65.287369
1068.359375	-64.563652
1070.312500	-64.217407
1072.265625	-64.365601
1074.218750	-64.188225
1076.171875	-64.916458
1078.125000	-65.120331
1080.078125	-64.962181
1082.031250	-64.926018
1083.984375	-64.484879
1085.937500	-64.493950
1087.890625	-64.319466
1089.843750	-65.225365
1091.796875	-64.466881
1093.750000	-63.894783
1095.703125	-63.339756
1097.656250	-63.510067
1099.609375	-62.783817
1101.562500	-62.319225
1103.515625	-62.362579
1105.468750	-62.649830
1107.421875	-61.968426
1109.375000	-61.731838
1111.328125	-61.737484
1113.281250	-61.312237
1115.234375	-60.301456
1117.187500	-60.067898
1119.140625	-58.969353
1121.093750	-58.277866
1123.046875	-57.628048
1125.000000	-56.846493
1126.953125	-57.049850
1128.906250	-56.322941
1130.859375	-54.896137
1132.812500	-54.004215
1134.765625	-53.728500
1136.718750	-52.232033
1138.671875	-51.106689
1140.625000	-50.298229
1142.578125	-49.394577
1144.531250	-48.949165
1146.484375	-49.223396
1148.437500	-49.230362
1150.390625	-50.197575
1152.343750	-50.808659
1154.296875	-52.070999
1156.250000	-53.912704
1158.203125	-54.952137
1160.156250	-55.709663
1162.109375	-57.308887
1164.062500	-57.787579
1166.015625	-58.308544
1167.968750	-58.437939
1169.921875	-59.077412
1171.875000	-59.817513
1173.828125	-60.576946
1175.781250	-60.921295
1177.734375	-61.357300
1179.687500	-61.891655
1181.640625	-61.985775
1183.593750	-62.184109
1185.546875	-62.612770
1187.500000	-62.808434
1189.453125	-62.742493
1191.406250	-62.625217
1193.359375	-62.793018
1195.312500	-63.626434
1197.265625	-64.535271
1199.218750	-64.250465
1201.171875	-63.997658
1203.125000	-63.665245
1205.078125	-64.002304
1207.031250	-64.558754
1208.984375	-64.145531
1210.937500	-64.452553
1212.890625	-64.493683
1214.843750	-64.698891
1216.796875	-64.073578
1218.750000	-63.951122
1220.703125	-64.490730
1222.656250	-64.490723
1224.609375	-64.350327
1226.562500	-64.388237
1228.515625	-64.087105
1230.468750	-63.510838
1232.421875	-63.854675
1234.375000	-64.202644
1236.328125	-63.509769
1238.281250	-62.498631
1240.234375	-62.190495
1242.187500	-62.142815
1244.140625	-62.139919
1246.093750	-61.375282
1248.046875	-61.069355
1250.000000	-60.884949
1251.953125	-60.455669
1253.906250	-60.068233
1255.859375	-60.058197
1257.812500	-59.537510
1259.765625	-59.684685
1261.718750	-58.977005
1263.671875	-57.806358
1265.625000	-57.499569
1267.578125	-56.903938
1269.531250	-55.614098
1271.484375	-55.025215
1273.437500	-54.106033
1275.390625	-53.266884
1277.343750	-51.972824
1279.296875	-50.901436
1281.250000	-49.618866
1283.203125	-48.106789
1285.156250	-46.707478
1287.109375	-46.588497
1289.062500	-46.206333
1291.015625	-47.075066
1292.968750	-48.589828
1294.921875	-49.867176
1296.875000	-50.923210
1298.828125	-52.236923
1300.781250	-53.343700
1302.734375	-54.906559
1304.687500	-55.728638
1306.640625	-56.042942
1308.593750	-56.811527
1310.546875	-57.168812
1312.500000	-57.742477
1314.453125	-57.939800
1316.406250	-58.494720
1318.359375	-59.028870
1320.312500	-59.832745
1322.265625	-60.394844
1324.218750	-61.158928
1326.171875	-61.568840
1328.125000	-61.183926
1330.078125	-60.760860
1332.031250	-61.244606
1333.984375	-62.486752
1335.937500	-61.949207
1337.890625	-61.964882
1339.843750	-62.527828
1341.796875	-62.566849
1343.750000	-62.791183
1345.703125	-62.841740
1347.656250	-61.884453
1349.609375	-62.449352
1351.562500	-63.277805
1353.515625	-62.481163
1355.468750	-62.516476
1357.421875	-62.453358
1359.375000	-61.846184
1361.328125	-62.454269
1363.281250	-62.510464
1365.234375	-62.201523
1367.187500	-62.561935
1369.140625	-62.634708
1371.093750	-62.397762
1373.046875	-62.197128
1375.000000	-61.802425
1376.953125	-61.562683
1378.906250	-61.953312
1380.859375	-61.451843
1382.812500	-61.250286
1384.765625	-60.949818
1386.718750	-60.452065
1388.671875	-59.993477
1390.625000	-59.574116
1392.578125	-59.345127
1394.531250	-59.173801
1396.484375	-58.512032
1398.437500	-58.339306
1400.390625	-58.226692
1402.343750	-57.222412
1404.296875	-56.717121
1406.250000	-56.442577
1408.203125	-55.233967
1410.156250	-55.069904
1412.109375	-53.972603
1414.062500	-52.835129
1416.015625	-51.987778
1417.968750	-50.908535
1419.921875	-49.831532
1421.875000	-49.410625
1423.828125	-47.597080
1425.781250	-45.241909
1427.734375	-44.363171
1429.687500	-44.355759
1431.640625	-44.507511
1433.593750	-45.638916
1435.546875	-47.524590
1437.500000	-48.564785
1439.453125	-49.095318
1441.406250	-50.380199
1443.359375	-51.628387
1445.312500	-52.872490
1447.265625	-53.610416
1449.218750	-53.962986
1451.171875	-54.910629
1453.125000	-55.800884
1455.078125	-55.920494
1457.031250	-56.501949
1458.984375	-57.479271
1460.937500	-57.780334
1462.890625	-57.924515
1464.843750	-58.112785
1466.796875	-57.351837
1468.750000	-57.702072
1470.703125	-58.525780
1472.656250	-59.451550
1474.609375	-59.379654
1476.562500	-58.949741
1478.515625	-59.440422
1480.468750	-60.267185
1482.421875	-60.466106
1484.375000	-60.215744
1486.328125	-59.949692
1488.281250	-60.524422
1490.234375	-60.935749
1492.187500	-60.114300
1494.140625	-60.205467
1496.093750	-60.737202
1498.046875	-60.862762
1500.000000	-60.736023
1501.953125	-60.222740
1503.906250	-60.355995
1505.859375	-60.560566
1507.812500	-60.604176
1509.765625	-60.612289
1511.718750	-60.155190
1513.671875	-59.334633
1515.625000	-60.195210
1517.578125	-59.488167
1519.531250	-59.366280
1521.484375	-59.021568
1523.437500	-59.044815
1525.390625	-59.314034
1527.343750	-58.733753
1529.296875	-57.654846
1531.250000	-58.209560
1533.203125	-57.869263
1535.156250	-57.247330
1537.109375	-56.679165
1539.062500	-56.952579
1541.015625	-56.717003
1542.968750	-55.533566
1544.921875	-54.962017
1546.875000	-53.987549
1548.828125	-54.120419
1550.781250	-53.720062
1552.734375	-52.134434
1554.687500	-51.521080
1556.640625	-50.373379
1558.593750	-49.259418
1560.546875	-48.496193
1562.500000	-47.280109
1564.453125	-45.946236
1566.406250	-44.675323
1568.359375	-44.382828
1570.312500	-43.615402
1572.265625	-42.855026
1574.218750	-43.530758
1576.171875	-44.199265
1578.125000	-45.106560
1580.078125	-46.567307
1582.031250	-47.685593
1583.984375	-48.765682
1585.937500	-49.385265
1587.890625	-49.479866
1589.843750	-50.838017
1591.796875	-52.156204
1593.750000	-52.374035
1595.703125	-53.321381
1597.656250	-53.702240
1599.609375	-54.417873
1601.562500	-54.761433
1603.515625	-54.873604
1605.468750	-54.795116
1607.421875	-55.952709
1609.375000	-56.527683
1611.328125	-56.923645
1613.281250	-57.144211
1615.234375	-57.069782
1617.187500	-57.322189
1619.140625	-56.923054
1621.093750	-57.567825
1623.046875	-57.703876
1625.000000	-57.246445
1626.953125	-57.662376
1628.906250	-58.181580
1630.859375	-58.255352
1632.812500	-58.133968
1634.765625	-58.505333
1636.718750	-58.352833
1638.671875	-57.926952
1640.625000	-57.993755
1642.578125	-57.877121
1644.531250	-57.733406
1646.484375	-58.389687
1648.437500	-58.161777
1650.390625	-58.433029
1652.343750	-57.630886
1654.296875	-57.376606
1656.250000	-57.417343
1658.203125	-57.048897
1660.156250	-57.186504
1662.109375	-56.704178
1664.062500	-56.811623
1666.015625	-56.357727
1667.968750	-56.288513
1669.921875	-55.975693
1671.875000	-55.749195
1673.828125	-55.827652
1675.781250	-55.504799
1677.734375	-54.585320
1679.687500	-54.203960
1681.640625	-54.270756
1683.593750	-53.314716
1685.546875	-53.381897
1687.500000	-52.799042
1689.453125	-52.122845
1691.406250	-51.210793
1693.359375	-50.476692
1695.312500	-50.274723
1697.265625	-48.977039
1699.218750	-47.574097
1701.171875	-47.704185
1703.125000	-46.231251
1705.078125	-44.461464
1707.031250	-43.081314
1708.984375	-42.039654
1710.937500	-40.930927
1712.890625	-40.631802
1714.843750	-40.139626
1716.796875	-40.849167
1718.750000	-42.101826
1720.703125	-43.271500
1722.656250	-44.721451
1724.609375	-45.640530
1726.562500	-46.670189
1728.515625	-47.649605
1730.468750	-48.913887
1732.421875	-49.214008
1734.375000	-49.988956
1736.328125	-49.952183
1738.281250	-51.288338
1740.234375	-52.051094
1742.187500	-52.218018
1744.140625	-52.442463
1746.093750	-52.993301
1748.046875	-53.848557
1750.000000	-53.361092
1751.953125	-53.050858
1753.906250	-53.759186
1755.859375	-54.335312
1757.812500	-54.851952
1759.765625	-55.120277
1761.718750	-55.450043
1763.671875	-55.274376
1765.625000	-55.127869
1767.578125	-55.304844
1769.531250	-55.212337
1771.484375	-56.043388
1773.437500	-56.052391
1775.390625	-56.439140
1777.343750	-56.214718
1779.296875	-55.769638
1781.250000	-55.802952
1783.203125	-55.454964
1785.156250	-55.701565
1787.109375	-55.460506
1789.062500	-55.155582
1791.015625	-55.353207
1792.968750	-55.885296
1794.921875	-55.006161
1796.875000	-54.697506
1798.828125	-54.579403
1800.781250	-54.151691
1802.734375	-54.871601
1804.687500	-55.028458
1806.640625	-54.351555
1808.593750	-53.933800
1810.546875	-54.360180
1812.500000	-53.702713
1814.453125	-52.779350
1816.406250	-52.697773
1818.359375	-53.099598
1820.312500	-52.158665
1822.265625	-51.633118
1824.218750	-51.686630
1826.171875	-50.766502
1828.125000	-49.929039
1830.078125	-49.513027
1832.031250	-48.770451
1833.984375	-48.224659
1835.937500	-47.548859
1837.890625	-47.803585
1839.843750	-46.334488
1841.796875	-45.014236
1843.750000	-43.905609
1845.703125	-42.895855
1847.656250	-42.463413
1849.609375	-41.911655
1851.562500	-40.349155
1853.515625	-39.554337
1855.468750	-38.546623
1857.421875	-37.942257
1859.375000	-38.136597
1861.328125	-40.092278
1863.281250	-41.280888
1865.234375	-42.057819
1867.187500	-43.499741
1869.140625	-45.202213
1871.093750	-45.932461
1873.046875	-45.951122
1875.000000	-46.359524
1876.953125	-47.400703
1878.906250	-48.156784
1880.859375	-49.065849
1882.812500	-49.291351
1884.765625	-50.047443
1886.718750	-49.913086
1888.671875	-49.786049
1890.625000	-49.998692
1892.578125	-50.502811
1894.531250	-51.050583
1896.484375	-51.365707
1898.437500	-51.780846
1900.390625	-52.474861
1902.343750	-52.904491
1904.296875	-52.333477
1906.250000	-52.012325
1908.203125	-51.915321
1910.156250	-52.135563
1912.109375	-52.185661
1914.062500	-52.743164
1916.015625	-52.699860
1917.968750	-53.167160
1919.921875	-53.118042
1921.875000	-53.205048
1923.828125	-53.213303
1925.781250	-53.315895
1927.734375	-52.607815
1929.687500	-53.243031
1931.640625	-53.330593
1933.593750	-52.942898
1935.546875	-52.617321
1937.500000	-52.993752
1939.453125	-52.303150
1941.406250	-52.201103
1943.359375	-52.741119
1945.312500	-52.200691
1947.265625	-51.729031
1949.218750	-51.650650
1951.171875	-52.260792
1953.125000	-51.570091
1955.078125	-50.991505
1957.031250	-50.562485
1958.984375	-50.267525
1960.937500	-50.014698
1962.890625	-49.891903
1964.843750	-48.583031
1966.796875	-48.349812
1968.750000	-47.827801
1970.703125	-47.023811
1972.656250	-46.659977
1974.609375	-45.885387
1976.562500	-45.427357
1978.515625	-45.188759
1980.468750	-44.317810
1982.421875	-43.770473
1984.375000	-43.290134
1986.328125	-41.760944
1988.281250	-40.712826
1990.234375	-39.896358
1992.187500	-39.095257
1994.140625	-37.571449
1996.093750	-36.578262
1998.046875	-37.439339
2000.000000	-38.286621
2001.953125	-37.738411
2003.906250	-38.126175
2005.859375	-39.227840
2007.812500	-40.763756
2009.765625	-41.648102
2011.718750	-42.263165
2013.671875	-43.316750
2015.625000	-44.417389
2017.578125	-44.966827
2019.531250	-45.273045
2021.484375	-45.291954
2023.437500	-45.815651
2025.390625	-46.345722
2027.343750	-47.373959
2029.296875	-47.756973
2031.250000	-48.574409
2033.203125	-48.677044
2035.156250	-48.383274
2037.109375	-48.594093
2039.062500	-49.123318
2041.015625	-49.264221
2042.968750	-49.666962
2044.921875	-49.574123
2046.875000	-49.877151
2048.828125	-50.289051
2050.781250	-50.218330
2052.734375	-49.670151
2054.687500	-50.507011
2056.640625	-49.759384
2058.593750	-50.302551
2060.546875	-50.532383
2062.500000	-50.211716
2064.453125	-50.653561
2066.406250	-50.943481
2068.359375	-50.438698
2070.312500	-50.622486
2072.265625	-50.211376
2074.218750	-49.887470
2076.171875	-50.168831
2078.125000	-50.310085
2080.078125	-50.365608
2082.031250	-50.028599
2083.984375	-49.829170
2085.937500	-50.073811
2087.890625	-49.227127
2089.843750	-48.968433
2091.796875	-48.358746
2093.750000	-49.058342
2095.703125	-48.798138
2097.656250	-47.773350
2099.609375	-47.294090
2101.562500	-47.107586
2103.515625	-46.504051
2105.468750	-46.743942
2107.421875	-46.563789
2109.375000	-45.708138
2111.328125	-45.250175
2113.281250	-44.991531
2115.234375	-44.480305
2117.187500	-43.916889
2119.140625	-42.742435
2121.093750	-42.010052
2123.046875	-40.944008
2125.000000	-40.687958
2126.953125	-40.426830
2128.906250	-39.307323
2130.859375	-38.713512
2132.812500	-38.430492
2134.765625	-37.170288
2136.718750	-36.143143
2138.671875	-37.056969
2140.625000	-37.287491
2142.578125	-36.792763
2144.531250	-37.489941
2146.484375	-37.417934
2148.437500	-37.771095
2150.390625	-38.729229
2152.343750	-39.676971
2154.296875	-40.381191
2156.250000	-41.070488
2158.203125	-42.222656
2160.156250	-42.767960
2162.109375	-42.926270
2164.062500	-43.165169
2166.015625	-43.936596
2167.968750	-43.927406
2169.921875	-44.197117
2171.875000	-44.646915
2173.828125	-44.842930
2175.781250	-46.512493
2177.734375	-46.610165
2179.687500	-47.333202
2181.640625	-47.600014
2183.593750	-46.873665
2185.546875	-46.993675
2187.500000	-47.659588
2189.453125	-47.061836
2191.406250	-48.027763
2193.359375	-48.140285
2195.312500	-48.211449
2197.265625	-47.538284
2199.218750	-47.183914
2201.171875	-47.700623
2203.125000	-47.872543
2205.078125	-47.777756
2207.031250	-48.400726
2208.984375	-47.817829
2210.937500	-47.587284
2212.890625	-47.669922
2214.843750	-47.922993
2216.796875	-47.192062
2218.750000	-46.972187
2220.703125	-47.407410
2222.656250	-46.955448
2224.609375	-46.982838
2226.562500	-46.740589
2228.515625	-46.911694
2230.468750	-46.941135
2232.421875	-46.902168
2234.375000	-46.411362
2236.328125	-46.397053
2238.281250	-46.067825
2240.234375	-45.651783
2242.187500	-45.578247
2244.140625	-45.470543
2246.093750	-44.931374
2248.046875	-44.724403
2250.000000	-43.843369
2251.953125	-43.134922
2253.906250	-43.233620
2255.859375	-42.912903
2257.812500	-42.464977
2259.765625	-42.312035
2261.718750	-41.621525
2263.671875	-40.843067
2265.625000	-39.716465
2267.578125	-39.330379
2269.531250	-38.465427
2271.484375	-38.124317
2273.437500	-37.935566
2275.390625	-37.490063
2277.343750	-36.404613
2279.296875	-35.829346
2281.250000	-36.381771
2283.203125	-36.210136
2285.156250	-36.603500
2287.109375	-36.283638
2289.062500	-36.237427
2291.015625	-36.815151
2292.968750	-36.799812
2294.921875	-38.622482
2296.875000	-39.261215
2298.828125	-39.470135
2300.781250	-39.675262
2302.734375	-39.931980
2304.687500	-40.489742
2306.640625	-41.744850
2308.593750	-41.837429
2310.546875	-41.934052
2312.500000	-42.620274
2314.453125	-42.958641
2316.406250	-43.572647
2318.359375	-44.226604
2320.312500	-43.828869
2322.265625	-43.778065
2324.218750	-44.296272
2326.171875	-44.920845
2328.125000	-44.388073
2330.078125	-44.309341
2332.031250	-44.512466
2333.984375	-45.766056
2335.937500	-45.844692
2337.890625	-46.111019
2339.843750	-45.315121
2341.796875	-45.934093
2343.750000	-46.148853
2345.703125	-45.435078
2347.656250	-45.950138
2349.609375	-46.511230
2351.562500	-46.181797
2353.515625	-46.197754
2355.468750	-46.191349
2357.421875	-46.150085
2359.375000	-46.472607
2361.328125	-46.247879
2363.281250	-46.160137
2365.234375	-45.435768
2367.187500	-45.854992
2369.140625	-45.504047
2371.093750	-45.415722
2373.046875	-45.636814
2375.000000	-45.195469
2376.953125	-45.526497
2378.906250	-45.513496
2380.859375	-45.027676
2382.812500	-44.814255
2384.765625	-44.626659
2386.718750	-44.400890
2388.671875	-44.568687
2390.625000	-43.937168
2392.578125	-42.576908
2394.531250	-42.570587
2396.484375	-42.247463
2398.437500	-41.997311
2400.390625	-41.683064
2402.343750	-40.921703
2404.296875	-40.192490
2406.250000	-40.490936
2408.203125	-40.273918
2410.156250	-39.664783
2412.109375	-38.691319
2414.062500	-37.947163
2416.015625	-36.835613
2417.968750	-36.572380
2419.921875	-36.320190
2421.875000	-36.091450
2423.828125	-35.942371
2425.781250	-36.067463
2427.734375	-35.852486
2429.687500	-35.560905
2431.640625	-35.538593
2433.593750	-36.303501
2435.546875	-37.154305
2437.500000	-37.492775
2439.453125	-37.716095
2441.406250	-38.764538
2443.359375	-39.204952
2445.312500	-39.577396
2447.265625	-39.844387
2449.218750	-40.167728
2451.171875	-39.742413
2453.125000	-40.255230
2455.078125	-41.198338
2457.031250	-41.338230
2458.984375	-42.275494
2460.937500	-42.249416
2462.890625	-42.013866
2464.843750	-42.449154
2466.796875	-43.302135
2468.750000	-44.059341
2470.703125	-44.380596
2472.656250	-44.009792
2474.609375	-44.397152
2476.562500	-44.694180
2478.515625	-44.753403
2480.468750	-44.969444
2482.421875	-45.001137
2484.375000	-45.232147
2486.328125	-44.941624
2488.281250	-44.824139
2490.234375	-45.089081
2492.187500	-45.273140
2494.140625	-44.979733
2496.093750	-45.466900
2498.046875	-45.481045
2500.000000	-45.313057
2501.953125	-45.091206
2503.906250	-45.464207
2505.859375	-45.637474
2507.812500	-45.702858
2509.765625	-45.746128
2511.718750	-45.290569
2513.671875	-45.648842
2515.625000	-45.420437
2517.578125	-44.790176
2519.531250	-45.046532
2521.484375	-45.224480
2523.437500	-44.802631
2525.390625	-44.659363
2527.343750	-44.196617
2529.296875	-43.557686
2531.250000	-43.725212
2533.203125	-43.798820
2535.156250	-44.326645
2537.109375	-43.605389
2539.062500	-43.077065
2541.015625	-42.200481
2542.968750	-41.573608
2544.921875	-41.572968
2546.875000	-41.015972
2548.828125	-40.447941
2550.781250	-39.629852
2552.734375	-39.089058
2554.687500	-39.383083
2556.640625	-39.440529
2558.593750	-38.065777
2560.546875	-37.840870
2562.500000	-37.969578
2564.453125	-36.803757
2566.406250	-36.803333
2568.359375	-36.232994
2570.312500	-35.215103
2572.265625	-35.351139
2574.218750	-35.732822
2576.171875	-35.097034
2578.125000	-34.641571
2580.078125	-35.596241
2582.031250	-36.856556
2583.984375	-37.115238
2585.937500	-37.910912
2587.890625	-37.821686
2589.843750	-38.462391
2591.796875	-38.655571
2593.750000	-39.684467
2595.703125	-40.682415
2597.656250	-39.934143
2599.609375	-40.784027
2601.562500	-41.694176
2603.515625	-42.125076
2605.468750	-42.082829
2607.421875	-41.812668
2609.375000	-42.349041
2611.328125	-42.949238
2613.281250	-43.384094
2615.234375	-43.977226
2617.187500	-43.989624
2619.140625	-43.858849
2621.093750	-44.234093
2623.046875	-44.966946
2625.000000	-45.045143
2626.953125	-45.469753
2628.906250	-45.134064
2630.859375	-44.326202
2632.812500	-45.260433
2634.765625	-46.083591
2636.718750	-46.189724
2638.671875	-45.910469
2640.625000	-45.493576
2642.578125	-45.244274
2644.531250	-45.038105
2646.484375	-45.295845
2648.437500	-44.883354
2650.390625	-44.907784
2652.343750	-45.152763
2654.296875	-45.611088
2656.250000	-44.685375
2658.203125	-44.815990
2660.156250	-45.320915
2662.109375	-45.553505
2664.062500	-45.860912
2666.015625	-45.161129
2667.968750	-44.573563
2669.921875	-44.351295
2671.875000	-43.898384
2673.828125	-44.077145
2675.781250	-44.701313
2677.734375	-44.572239
2679.687500	-43.475071
2681.640625	-43.355461
2683.593750	-43.474918
2685.546875	-43.620007
2687.500000	-42.347610
2689.453125	-42.007526
2691.406250	-41.800983
2693.359375	-41.220016
2695.312500	-40.762291
2697.265625	-39.682095
2699.218750	-39.291786
2701.171875	-38.826775
2703.125000	-37.742271
2705.078125	-37.549904
2707.031250	-36.988789
2708.984375	-35.861897
2710.937500	-35.754337
2712.890625	-35.857040
2714.843750	-35.657356
2716.796875	-35.241962
2718.750000	-35.398224
2720.703125	-35.498573
2722.656250	-35.979282
2724.609375	-36.720436
2726.562500	-36.657478
2728.515625	-37.465824
2730.468750	-38.335518
2732.421875	-39.553612
2734.375000	-39.550079
2736.328125	-40.030849
2738.281250	-39.922237
2740.234375	-40.999119
2742.187500	-42.345703
2744.140625	-41.680790
2746.093750	-41.915012
2748.046875	-43.159378
2750.000000	-43.130016
2751.953125	-43.660969
2753.906250	-43.413475
2755.859375	-43.804550
2757.812500	-43.699657
2759.765625	-44.060814
2761.718750	-44.199547
2763.671875	-44.777290
2765.625000	-45.387733
2767.578125	-45.271580
2769.531250	-45.510475
2771.484375	-45.515327
2773.437500	-46.170025
2775.390625	-45.862568
2777.343750	-46.152542
2779.296875	-46.636909
2781.250000	-46.874195
2783.203125	-47.108994
2785.156250	-46.805935
2787.109375	-46.703747
2789.062500	-47.396423
2791.015625	-46.817535
2792.968750	-46.653538
2794.921875	-46.384995
2796.875000	-46.586670
2798.828125	-46.794678
2800.781250	-46.561501
2802.734375	-46.652660
2804.687500	-46.317188
2806.640625	-45.426369
2808.593750	-45.902416
2810.546875	-46.092812
2812.500000	-45.641247
2814.453125	-45.484234
2816.406250	-44.729332
2818.359375	-44.162136
2820.312500	-43.510624
2822.265625	-43.443081
2824.218750	-43.290981
2826.171875	-43.492702
2828.125000	-43.395676
2830.078125	-42.412998
2832.031250	-41.841431
2833.984375	-41.506306
2835.937500	-41.253910
2837.890625	-41.331345
2839.843750	-40.693413
2841.796875	-39.642208
2843.750000	-38.875778
2845.703125	-38.469669
2847.656250	-38.122803
2849.609375	-37.157417
2851.562500	-36.835487
2853.515625	-36.304119
2855.468750	-35.477024
2857.421875	-35.735783
2859.375000	-35.892944
2861.328125	-35.815010
2863.281250	-35.651661
2865.234375	-35.577995
2867.187500	-36.436588
2869.140625	-36.663445
2871.093750	-37.271580
2873.046875	-38.231266
2875.000000	-39.059986
2876.953125	-39.605034
2878.906250	-40.174782
2880.859375	-40.673046
2882.812500	-40.638283
2884.765625	-41.556828
2886.718750	-41.932789
2888.671875	-42.703888
2890.625000	-43.543434
2892.578125	-43.751240
2894.531250	-43.666737
2896.484375	-44.378189
2898.437500	-43.831924
2900.390625	-43.866096
2902.343750	-44.559681
2904.296875	-45.563976
2906.250000	-45.942177
2908.203125	-45.620544
2910.156250	-46.140800
2912.109375	-45.915558
2914.062500	-46.625969
2916.015625	-46.991894
2917.968750	-46.627533
2919.921875	-46.318813
2921.875000	-46.601627
2923.828125	-46.827339
2925.781250	-46.457172
2927.734375	-46.939514
2929.687500	-47.271320
2931.640625	-47.552986
2933.593750	-47.302551
2935.546875	-47.253922
2937.500000	-46.336552
2939.453125	-46.340767
2941.406250	-46.421429
2943.359375	-45.776291
2945.312500	-45.914104
2947.265625	-46.030487
2949.218750	-46.136726
2951.171875	-45.843750
2953.125000	-45.171425
2955.078125	-45.269932
2957.031250	-45.616302
2958.984375	-45.410019
2960.937500	-44.800278
2962.890625	-44.229660
2964.843750	-43.739262
2966.796875	-43.906174
2968.750000	-44.054131
2970.703125	-44.132469
2972.656250	-43.422932
2974.609375	-42.940937
2976.562500	-41.674187
2978.515625	-42.057201
2980.468750	-41.526878
2982.421875	-40.702660
2984.375000	-40.656395
2986.328125	-39.869640
2988.281250	-39.167770
2990.234375	-39.297020
2992.187500	-37.643257
2994.140625	-37.546616
2996.093750	-37.824455
2998.046875	-36.957863
3000.000000	-36.137875
3001.953125	-36.238964
3003.906250	-36.368374
3005.859375	-36.063473
3007.812500	-36.593288
3009.765625	-37.127651
3011.718750	-37.549545
3013.671875	-38.490280
3015.625000	-39.652409
3017.578125	-39.750938
3019.531250	-40.582104
3021.484375	-41.749733
3023.437500	-41.766468
3025.390625	-42.190231
3027.343750	-42.510952
3029.296875	-42.891479
3031.250000	-43.689411
3033.203125	-44.195934
3035.156250	-44.344849
3037.109375	-44.132599
3039.062500	-44.657352
3041.015625	-44.727459
3042.968750	-45.222427
3044.921875	-46.367062
3046.875000	-45.919628
3048.828125	-45.902569
3050.781250	-46.141914
3052.734375	-46.793999
3054.687500	-47.060078
3056.640625	-46.842587
3058.593750	-47.265087
3060.546875	-47.088634
3062.500000	-47.135273
3064.453125	-47.018608
3066.406250	-47.324883
3068.359375	-47.847137
3070.312500	-47.881618
3072.265625	-47.071129
3074.218750	-47.457638
3076.171875	-46.766087
3078.125000	-47.288586
3080.078125	-47.087711
3082.031250	-46.869793
3083.984375	-47.082645
3085.937500	-47.150513
3087.890625	-47.652470
3089.843750	-46.876690
3091.796875	-46.445717
3093.750000	-46.405502
3095.703125	-46.304642
3097.656250	-45.924309
3099.609375	-45.329014
3101.562500	-45.088463
3103.515625	-45.111824
3105.468750	-44.661945
3107.421875	-44.582985
3109.375000	-44.609554
3111.328125	-44.141842
3113.281250	-43.264999
3115.234375	-43.037338
3117.187500	-43.157158
3119.140625	-42.144588
3121.093750	-42.000340
3123.046875	-41.549721
3125.000000	-40.453041
3126.953125	-40.385197
3128.906250	-40.278610
3130.859375	-39.298225
3132.812500	-38.878498
3134.765625	-38.453815
3136.718750	-37.635250
3138.671875	-37.474934
3140.625000	-37.261780
3142.578125	-36.924950
3144.531250	-36.702789
3146.484375	-36.429073
3148.437500	-36.416782
3150.390625	-37.162880
3152.343750	-37.822395
3154.296875	-38.011105
3156.250000	-38.380432
3158.203125	-38.879036
3160.156250	-40.150532
3162.109375	-40.617825
3164.062500	-41.631756
3166.015625	-41.599743
3167.968750	-41.919846
3169.921875	-41.757401
3171.875000	-42.279175
3173.828125	-43.402927
3175.781250	-43.528721
3177.734375	-43.552212
3179.687500	-43.779003
3181.640625	-44.531773
3183.593750	-44.239300
3185.546875	-44.362633
3187.500000	-44.705799
3189.453125	-45.194382
3191.406250	-45.531567
3193.359375	-46.714260
3195.312500	-46.628338
3197.265625	-46.383575
3199.218750	-46.784397
3201.171875	-46.333832
3203.125000	-46.641411
3205.078125	-46.686581
3207.031250	-46.549561
3208.984375	-46.369427
3210.937500	-46.731689
3212.890625	-47.398304
3214.843750	-47.208546
3216.796875	-46.983028
3218.750000	-46.929344
3220.703125	-47.200253
3222.656250	-47.147999
3224.609375	-47.161087
3226.562500	-47.616196
3228.515625	-47.451855
3230.468750	-46.794800
3232.421875	-46.250999
3234.375000	-46.271454
3236.328125	-46.372696
3238.281250	-46.522690
3240.234375	-45.547329
3242.187500	-44.923775
3244.140625	-45.201584
3246.093750	-45.698639
3248.046875	-45.048229
3250.000000	-44.060181
3251.953125	-43.317257
3253.906250	-43.466682
3255.859375	-43.188580
3257.812500	-43.583981
3259.765625	-42.887012
3261.718750	-42.681999
3263.671875	-42.273388
3265.625000	-41.142574
3267.578125	-41.298740
3269.531250	-40.547440
3271.484375	-40.074986
3273.437500	-40.412590
3275.390625	-38.951691
3277.343750	-38.216862
3279.296875	-37.130589
3281.250000	-36.737873
3283.203125	-37.576935
3285.156250	-37.033260
3287.109375	-37.144627
3289.062500	-36.855885
3291.015625	-37.244022
3292.968750	-37.596169
3294.921875	-37.731575
3296.875000	-38.433830
3298.828125	-38.801117
3300.781250	-39.399277
3302.734375	-39.433117
3304.687500	-40.418350
3306.640625	-41.436062
3308.593750	-41.620068
3310.546875	-41.590317
3312.500000	-41.915009
3314.453125	-43.052433
3316.406250	-42.676895
3318.359375	-43.148079
3320.312500	-43.682133
3322.265625	-43.947788
3324.218750	-43.769924
3326.171875	-44.225609
3328.125000	-44.908146
3330.078125	-45.128319
3332.031250	-45.397911
3333.984375	-46.413670
3335.937500	-45.628445
3337.890625	-45.530556
3339.843750	-45.330799
3341.796875	-45.854702
3343.750000	-46.180717
3345.703125	-46.144287
3347.656250	-46.273666
3349.609375	-46.998016
3351.562500	-46.438473
3353.515625	-46.280674
3355.468750	-46.179150
3357.421875	-46.173573
3359.375000	-47.039490
3361.328125	-46.983467
3363.281250	-46.474522
3365.234375	-46.546154
3367.187500	-46.587639
3369.140625	-45.761040
3371.093750	-45.974907
3373.046875	-46.251186
3375.000000	-46.154850
3376.953125	-45.400318
3378.906250	-45.733715
3380.859375	-45.481415
3382.812500	-45.205013
3384.765625	-44.088326
3386.718750	-44.167690
3388.671875	-45.069355
3390.625000	-44.820557
3392.578125	-44.676945
3394.531250	-44.911129
3396.484375	-43.861256
3398.437500	-43.663483
3400.390625	-43.185787
3402.343750	-42.330257
3404.296875	-42.244473
3406.250000	-41.457527
3408.203125	-40.506664
3410.156250	-39.215752
3412.109375	-39.930859
3414.062500	-40.545570
3416.015625	-39.331348
3417.968750	-38.476372
3419.921875	-37.883430
3421.875000	-37.586285
3423.828125	-37.274578
3425.781250	-36.770634
3427.734375	-36.519016
3429.687500	-36.600594
3431.640625	-36.179634
3433.593750	-36.463081
3435.546875	-36.878185
3437.500000	-36.546898
3439.453125	-37.107559
3441.406250	-37.636635
3443.359375	-38.516647
3445.312500	-39.524460
3447.265625	-39.652603
3449.218750	-39.933441
3451.171875	-40.532299
3453.125000	-41.906620
3455.078125	-42.076920
3457.031250	-41.352680
3458.984375	-41.858109
3460.937500	-42.179691
3462.890625	-42.713547
3464.843750	-42.764530
3466.796875	-43.012566
3468.750000	-43.114685
3470.703125	-43.607933
3472.656250	-43.562111
3474.609375	-43.915512
3476.562500	-45.091885
3478.515625	-44.960293
3480.468750	-44.324444
3482.421875	-45.492996
3484.375000	-45.201794
3486.328125	-45.209999
3488.281250	-44.960678
3490.234375	-45.130032
3492.187500	-45.287514
3494.140625	-45.538624
3496.093750	-45.615299
3498.046875	-45.104576
3500.000000	-45.293003
3501.953125	-45.360790
3503.906250	-45.399815
3505.859375	-46.271000
3507.812500	-45.373676
3509.765625	-45.185760
3511.718750	-45.685143
3513.671875	-45.905685
3515.625000	-45.290264
3517.578125	-44.836319
3519.531250	-45.061020
3521.484375	-44.519512
3523.437500	-43.977180
3525.390625	-44.208210
3527.343750	-43.968086
3529.296875	-44.628349
3531.250000	-44.292587
3533.203125	-43.079582
3535.156250	-42.392048
3537.109375	-42.350307
3539.062500	-42.827133
3541.015625	-42.729626
3542.968750	-41.908424
3544.921875	-40.923191
3546.875000	-41.272663
3548.828125	-40.719460
3550.781250	-39.999718
3552.734375	-39.890556
3554.687500	-39.893429
3556.640625	-39.101570
3558.593750	-38.558559
3560.546875	-38.120773
3562.500000	-37.086174
3564.453125	-36.917400
3566.406250	-36.213734
3568.359375	-36.123096
3570.312500	-36.255604
3572.265625	-35.687531
3574.218750	-35.992741
3576.171875	-36.098270
3578.125000	-36.187145
3580.078125	-36.309151
3582.031250	-36.430046
3583.984375	-37.483891
3585.937500	-38.110306
3587.890625	-37.797756
3589.843750	-38.344055
3591.796875	-38.981537
3593.750000	-39.152206
3595.703125	-39.416969
3597.656250	-40.256813
3599.609375	-40.291218
3601.562500	-40.371178
3603.515625	-40.946404
3605.468750	-42.034725
3607.421875	-41.528580
3609.375000	-41.055412
3611.328125	-41.380089
3613.281250	-42.569473
3615.234375	-42.999756
3617.187500	-43.951717
3619.140625	-43.876610
3621.093750	-42.444019
3623.046875	-43.136459
3625.000000	-43.006859
3626.953125	-43.216244
3628.906250	-44.230896
3630.859375	-44.189407
3632.812500	-44.289654
3634.765625	-44.039928
3636.718750	-44.138851
3638.671875	-43.872189
3640.625000	-43.540447
3642.578125	-43.791042
3644.531250	-44.055717
3646.484375	-44.396473
3648.437500	-44.731640
3650.390625	-44.646393
3652.343750	-44.442009
3654.296875	-43.911598
3656.250000	-43.944870
3658.203125	-44.149803
3660.156250	-44.066589
3662.109375	-43.818386
3664.062500	-43.500462
3666.015625	-43.072151
3667.968750	-43.182823
3669.921875	-43.035416
3671.875000	-42.514870
3673.828125	-42.659576
3675.781250	-42.150196
3677.734375	-41.847164
3679.687500	-41.956997
3681.640625	-41.767971
3683.593750	-41.383427
3685.546875	-41.015995
3687.500000	-40.463341
3689.453125	-39.639660
3691.406250	-39.109489
3693.359375	-38.330269
3695.312500	-38.572563
3697.265625	-38.252674
3699.218750	-37.578804
3701.171875	-37.244957
3703.125000	-36.512505
3705.078125	-35.831478
3707.031250	-36.360722
3708.984375	-37.021996
3710.937500	-36.028957
3712.890625	-36.183258
3714.843750	-36.290855
3716.796875	-35.710609
3718.750000	-35.294090
3720.703125	-35.145691
3722.656250	-35.542606
3724.609375	-35.643082
3726.562500	-35.827751
3728.515625	-36.267799
3730.468750	-36.848137
3732.421875	-36.973656
3734.375000	-37.926502
3736.328125	-38.391426
3738.281250	-38.620991
3740.234375	-39.331203
3742.187500	-40.228897
3744.140625	-39.831722
3746.093750	-39.447884
3748.046875	-40.102413
3750.000000	-40.836887
3751.953125	-40.752380
3753.906250	-40.637924
3755.859375	-41.454773
3757.812500	-41.972111
3759.765625	-41.752598
3761.718750	-42.274529
3763.671875	-42.225609
3765.625000	-42.329712
3767.578125	-42.315361
3769.531250	-42.409737
3771.484375	-41.791683
3773.437500	-42.052456
3775.390625	-43.527676
3777.343750	-42.517731
3779.296875	-41.912628
3781.250000	-42.399330
3783.203125	-42.508831
3785.156250	-42.117935
3787.109375	-42.493389
3789.062500	-43.094654
3791.015625	-42.743385
3792.968750	-42.495232
3794.921875	-42.437977
3796.875000	-42.265137
3798.828125	-42.129429
3800.781250	-42.438931
3802.734375	-41.801052
3804.687500	-41.840904
3806.640625	-42.121479
3808.593750	-42.257984
3810.546875	-41.755756
3812.500000	-41.341988
3814.453125	-40.536976
3816.406250	-40.365635
3818.359375	-40.633907
3820.312500	-40.736389
3822.265625	-40.764545
3824.218750	-40.195316
3826.171875	-39.351021
3828.125000	-39.115860
3830.078125	-39.002026
3832.031250	-38.709393
3833.984375	-38.282261
3835.937500	-37.923023
3837.890625	-37.895100
3839.843750	-37.159241
3841.796875	-37.536774
3843.750000	-37.028458
3845.703125	-36.049679
3847.656250	-35.838005
3849.609375	-35.719055
3851.562500	-35.422329
3853.515625	-34.650368
3855.468750	-34.528309
3857.421875	-35.205696
3859.375000	-35.337910
3861.328125	-35.326786
3863.281250	-35.053719
3865.234375	-35.467525
3867.187500	-35.231880
3869.140625	-35.997253
3871.093750	-35.610802
3873.046875	-35.272526
3875.000000	-36.004025
3876.953125	-37.060101
3878.906250	-36.896416
3880.859375	-37.440922
3882.812500	-37.077702
3884.765625	-37.481045
3886.718750	-37.874653
3888.671875	-38.101669
3890.625000	-37.713181
3892.578125	-38.092281
3894.531250	-38.352894
3896.484375	-38.819027
3898.437500	-39.992630
3900.390625	-40.106392
3902.343750	-39.479519
3904.296875	-40.343052
3906.250000	-41.181473
3908.203125	-40.279285
3910.156250	-40.061749
3912.109375	-40.008724
3914.062500	-40.142662
3916.015625	-40.118374
3917.968750	-40.434265
3919.921875	-41.016312
3921.875000	-40.978741
3923.828125	-40.989468
3925.781250	-40.917267
3927.734375	-40.913933
3929.687500	-40.664841
3931.640625	-40.061745
3933.593750	-40.288494
3935.546875	-40.598244
3937.500000	-39.981285
3939.453125	-40.627556
3941.406250	-40.941372
3943.359375	-40.304813
3945.312500	-40.506187
3947.265625	-41.492760
3949.218750	-40.012875
3951.171875	-39.780830
3953.125000	-40.551003
3955.078125	-40.176716
3957.031250	-39.965622
3958.984375	-39.795052
3960.937500	-39.839451
3962.890625	-39.962570
3964.843750	-40.074665
3966.796875	-39.268551
3968.750000	-39.385082
3970.703125	-39.073898
3972.656250	-38.164764
3974.609375	-38.037273
3976.562500	-38.350147
3978.515625	-37.995659
3980.468750	-37.270683
3982.421875	-36.840176
3984.375000	-37.216484
3986.328125	-36.895145
3988.281250	-36.101311
3990.234375	-35.915382
3992.187500	-36.065704
3994.140625	-35.631660
3996.093750	-35.464787
3998.046875	-35.406849
4000.000000	-35.537663
4001.953125	-34.855904
4003.906250	-34.800503
4005.859375	-34.349747
4007.812500	-34.156742
4009.765625	-34.325470
4011.718750	-35.207481
4013.671875	-34.756863
4015.625000	-34.492641
4017.578125	-34.965645
4019.531250	-35.119751
4021.484375	-35.427212
4023.437500	-35.145039
4025.390625	-35.065220
4027.343750	-35.759815
4029.296875	-36.041409
4031.250000	-35.595257
4033.203125	-36.581131
4035.156250	-36.981209
4037.109375	-36.998264
4039.062500	-36.899467
4041.015625	-37.464905
4042.968750	-37.877525
4044.921875	-38.040264
4046.875000	-38.057339
4048.828125	-38.221474
4050.781250	-38.909225
4052.734375	-39.035282
4054.687500	-39.109997
4056.640625	-39.467583
4058.593750	-39.187824
4060.546875	-39.634315
4062.500000	-39.740524
4064.453125	-39.757797
4066.406250	-39.249657
4068.359375	-39.654884
4070.312500	-39.215927
4072.265625	-39.407009
4074.218750	-40.488998
4076.171875	-40.531509
4078.125000	-40.143044
4080.078125	-40.345341
4082.031250	-40.708881
4083.984375	-40.282688
4085.937500	-40.752365
4087.890625	-40.878201
4089.843750	-40.454201
4091.796875	-41.065659
4093.750000	-40.864418
4095.703125	-40.820938
4097.656250	-40.500290
4099.609375	-40.511990
4101.562500	-41.215839
4103.515625	-40.129616
4105.468750	-39.798111
4107.421875	-39.420933
4109.375000	-39.755207
4111.328125	-39.538197
4113.281250	-39.899033
4115.234375	-39.814266
4117.187500	-39.172161
4119.140625	-38.764332
4121.093750	-38.626801
4123.046875	-38.350269
4125.000000	-38.712467
4126.953125	-38.776237
4128.906250	-38.187950
4130.859375	-37.752960
4132.812500	-36.930447
4134.765625	-36.951038
4136.718750	-36.770916
4138.671875	-36.437931
4140.625000	-36.207424
4142.578125	-35.550049
4144.531250	-35.166279
4146.484375	-34.628204
4148.437500	-35.322613
4150.390625	-34.886593
4152.343750	-34.584351
4154.296875	-33.937572
4156.250000	-33.390846
4158.203125	-33.952484
4160.156250	-34.006096
4162.109375	-34.096916
4164.062500	-34.046253
4166.015625	-33.628845
4167.968750	-34.293949
4169.921875	-35.582333
4171.875000	-35.906063
4173.828125	-35.492790
4175.781250	-35.250828
4177.734375	-35.600811
4179.687500	-36.525959
4181.640625	-36.756527
4183.593750	-36.852612
4185.546875	-38.031071
4187.500000	-38.033665
4189.453125	-38.569252
4191.406250	-37.935478
4193.359375	-37.670078
4195.312500	-39.216656
4197.265625	-39.543190
4199.218750	-39.216637
4201.171875	-39.909313
4203.125000	-39.761021
4205.078125	-39.605553
4207.031250	-40.013229
4208.984375	-40.113220
4210.937500	-40.928802
4212.890625	-41.309837
4214.843750	-41.328957
4216.796875	-40.740650
4218.750000	-40.987980
4220.703125	-41.681740
4222.656250	-41.241467
4224.609375	-41.321728
4226.562500	-41.348568
4228.515625	-41.266495
4230.468750	-41.918953
4232.421875	-41.566624
4234.375000	-41.218552
4236.328125	-41.559830
4238.281250	-41.981960
4240.234375	-41.783611
4242.187500	-41.180920
4244.140625	-40.776058
4246.093750	-41.431240
4248.046875	-41.913292
4250.000000	-40.845963
4251.953125	-40.296486
4253.906250	-40.796150
4255.859375	-40.736103
4257.812500	-40.404911
4259.765625	-39.903328
4261.718750	-39.495785
4263.671875	-39.836124
4265.625000	-39.779976
4267.578125	-40.076111
4269.531250	-39.155937
4271.484375	-38.583500
4273.437500	-38.706882
4275.390625	-38.923122
4277.343750	-37.964565
4279.296875	-37.741222
4281.250000	-37.439968
4283.203125	-37.373791
4285.156250	-36.788876
4287.109375	-35.898369
4289.062500	-35.157158
4291.015625	-35.589153
4292.968750	-34.358940
4294.921875	-33.516800
4296.875000	-33.729321
4298.828125	-33.855179
4300.781250	-32.747463
4302.734375	-32.491398
4304.687500	-33.240746
4306.640625	-33.504425
4308.593750	-33.976917
4310.546875	-34.492062
4312.500000	-35.045448
4314.453125	-34.965351
4316.406250	-34.590473
4318.359375	-35.364052
4320.312500	-35.895176
4322.265625	-37.224785
4324.218750	-37.396828
4326.171875	-37.296711
4328.125000	-37.605137
4330.078125	-38.136116
4332.031250	-38.430893
4333.984375	-39.250229
4335.937500	-39.807121
4337.890625	-39.683563
4339.843750	-40.314793
4341.796875	-41.081757
4343.750000	-41.128983
4345.703125	-42.671070
4347.656250	-41.580006
4349.609375	-41.111771
4351.562500	-41.783905
4353.515625	-41.831264
4355.468750	-42.765057
4357.421875	-43.240116
4359.375000	-42.621933
4361.328125	-42.751877
4363.281250	-42.430431
4365.234375	-42.475662
4367.187500	-43.238949
4369.140625	-43.031673
4371.093750	-43.016479
4373.046875	-43.366394
4375.000000	-42.937202
4376.953125	-42.971142
4378.906250	-43.436142
4380.859375	-43.470997
4382.812500	-43.173836
4384.765625	-43.510345
4386.718750	-43.356133
4388.671875	-42.587681
4390.625000	-42.543842
4392.578125	-42.773262
4394.531250	-42.313267
4396.484375	-42.363255
4398.437500	-42.113441
4400.390625	-42.348125
4402.343750	-42.664429
4404.296875	-42.636997
4406.250000	-41.580837
4408.203125	-40.716465
4410.156250	-40.382256
4412.109375	-41.438808
4414.062500	-41.134666
4416.015625	-39.801060
4417.968750	-39.115711
4419.921875	-38.411751
4421.875000	-38.411987
4423.828125	-37.781166
4425.781250	-37.600189
4427.734375	-37.131649
4429.687500	-36.484188
4431.640625	-36.549202
4433.593750	-35.400028
4435.546875	-34.169506
4437.500000	-34.064671
4439.453125	-34.085144
4441.406250	-33.738472
4443.359375	-33.529522
4445.312500	-32.376305
4447.265625	-32.805359
4449.218750	-33.559414
4451.171875	-34.046413
4453.125000	-34.168758
4455.078125	-34.848137
4457.031250	-35.654118
4458.984375	-35.841805
4460.937500	-36.911499
4462.890625	-37.994656
4464.843750	-37.878273
4466.796875	-38.120426
4468.750000	-38.817421
4470.703125	-39.835522
4472.656250	-40.594818
4474.609375	-41.237667
4476.562500	-41.335278
4478.515625	-41.430870
4480.468750	-42.518127
4482.421875	-42.611404
4484.375000	-42.401703
4486.328125	-42.565441
4488.281250	-42.834309
4490.234375	-42.603317
4492.187500	-43.646332
4494.140625	-44.059460
4496.093750	-43.735870
4498.046875	-43.503830
4500.000000	-44.513603
4501.953125	-44.595894
4503.906250	-44.179150
4505.859375	-44.864277
4507.812500	-44.616096
4509.765625	-44.413242
4511.718750	-43.914387
4513.671875	-44.719559
4515.625000	-45.204483
4517.578125	-45.504818
4519.531250	-45.352745
4521.484375	-45.548016
4523.437500	-45.099129
4525.390625	-45.002533
4527.343750	-44.975174
4529.296875	-44.358749
4531.250000	-44.297466
4533.203125	-44.489124
4535.156250	-43.834446
4537.109375	-43.782761
4539.062500	-43.207962
4541.015625	-43.318832
4542.968750	-43.095589
4544.921875	-43.434044
4546.875000	-43.142807
4548.828125	-42.885754
4550.781250	-42.562325
4552.734375	-41.915020
4554.687500	-41.297825
4556.640625	-40.896275
4558.593750	-40.809277
4560.546875	-40.187969
4562.500000	-39.794369
4564.453125	-39.868057
4566.406250	-39.043213
4568.359375	-37.996204
4570.312500	-36.922623
4572.265625	-37.203381
4574.218750	-36.892151
4576.171875	-35.946926
4578.125000	-35.822136
4580.078125	-34.785019
4582.031250	-34.438751
4583.984375	-33.456882
4585.937500	-33.022457
4587.890625	-33.554089
4589.843750	-34.058319
4591.796875	-33.760147
4593.750000	-34.153740
4595.703125	-34.691082
4597.656250	-35.523472
4599.609375	-36.970829
4601.562500	-37.355560
4603.515625	-38.512726
4605.468750	-38.919754
4607.421875	-39.781498
4609.375000	-39.916584
4611.328125	-40.833496
4613.281250	-41.011654
4615.234375	-41.358238
4617.187500	-42.089329
4619.140625	-42.175205
4621.093750	-42.037445
4623.046875	-42.573372
4625.000000	-43.594894
4626.953125	-43.935837
4628.906250	-43.611851
4630.859375	-44.580833
4632.812500	-44.885551
4634.765625	-44.792656
4636.718750	-45.360775
4638.671875	-44.911205
4640.625000	-45.187504
4642.578125	-45.108360
4644.531250	-44.973316
4646.484375	-45.374725
4648.437500	-45.680935
4650.390625	-45.469170
4652.343750	-44.920605
4654.296875	-45.278465
4656.250000	-45.812321
4658.203125	-45.972855
4660.156250	-46.421055
4662.109375	-46.244820
4664.062500	-46.375366
4666.015625	-45.528351
4667.968750	-46.169506
4669.921875	-46.754787
4671.875000	-46.513130
4673.828125	-45.479103
4675.781250	-45.154808
4677.734375	-44.955585
4679.687500	-44.962406
4681.640625	-45.032112
4683.593750	-45.307800
4685.546875	-44.353180
4687.500000	-43.927658
4689.453125	-43.589260
4691.406250	-43.345169
4693.359375	-43.408905
4695.312500	-43.311039
4697.265625	-42.322506
4699.218750	-41.955204
4701.171875	-41.922878
4703.125000	-41.242741
4705.078125	-40.180954
4707.031250	-39.736050
4708.984375	-39.591831
4710.937500	-39.023720
4712.890625	-38.706940
4714.843750	-36.973770
4716.796875	-35.718914
4718.750000	-36.278137
4720.703125	-36.280754
4722.656250	-35.549114
4724.609375	-34.269768
4726.562500	-33.767616
4728.515625	-33.506207
4730.468750	-34.234303
4732.421875	-33.959232
4734.375000	-34.570347
4736.328125	-35.274319
4738.281250	-35.815765
4740.234375	-37.182697
4742.187500	-37.900818
4744.140625	-39.611664
4746.093750	-39.427155
4748.046875	-39.278660
4750.000000	-39.753712
4751.953125	-41.100845
4753.906250	-41.798008
4755.859375	-42.667885
4757.812500	-43.061916
4759.765625	-43.774540
4761.718750	-44.138355
4763.671875	-44.486862
4765.625000	-44.106983
4767.578125	-44.154335
4769.531250	-44.475861
4771.484375	-45.137012
4773.437500	-45.678787
4775.390625	-45.486038
4777.343750	-45.169353
4779.296875	-44.940891
4781.250000	-46.151207
4783.203125	-46.729759
4785.156250	-46.958828
4787.109375	-46.498535
4789.062500	-46.946918
4791.015625	-47.287163
4792.968750	-46.835842
4794.921875	-46.394588
4796.875000	-46.449600
4798.828125	-46.337288
4800.781250	-46.547512
4802.734375	-47.038582
4804.687500	-47.448990
4806.640625	-46.340450
4808.593750	-46.053825
4810.546875	-46.345791
4812.500000	-46.344814
4814.453125	-46.411182
4816.406250	-46.691238
4818.359375	-46.225117
4820.312500	-45.828594
4822.265625	-45.663498
4824.218750	-45.665966
4826.171875	-45.395580
4828.125000	-45.122093
4830.078125	-44.726448
4832.031250	-44.524143
4833.984375	-43.750946
4835.937500	-43.401394
4837.890625	-43.007332
4839.843750	-42.823864
4841.796875	-42.656216
4843.750000	-42.580120
4845.703125	-42.250710
4847.656250	-40.774128
4849.609375	-39.867142
4851.562500	-39.296150
4853.515625	-38.608936
4855.468750	-37.720268
4857.421875	-37.064098
4859.375000	-35.590950
4861.328125	-35.579739
4863.281250	-35.743446
4865.234375	-34.725555
4867.187500	-34.201851
4869.140625	-33.381561
4871.093750	-33.347099
4873.046875	-34.190842
4875.000000	-34.851124
4876.953125	-35.292404
4878.906250	-35.541225
4880.859375	-36.963787
4882.812500	-38.490112
4884.765625	-38.649338
4886.718750	-39.196110
4888.671875	-40.089260
4890.625000	-40.889858
4892.578125	-41.231998
4894.531250	-42.360584
4896.484375	-42.893486
4898.437500	-42.671581
4900.390625	-43.251507
4902.343750	-43.386650
4904.296875	-43.632465
4906.250000	-44.254128
4908.203125	-44.748734
4910.156250	-45.419048
4912.109375	-45.435661
4914.062500	-45.590584
4916.015625	-46.068321
4917.968750	-46.298115
4919.921875	-46.352188
4921.875000	-46.743984
4923.828125	-46.681347
4925.781250	-46.753338
4927.734375	-46.727139
4929.687500	-46.883518
4931.640625	-47.081699
4933.593750	-46.809204
4935.546875	-47.336784
4937.500000	-47.744667
4939.453125	-47.158215
4941.406250	-47.066769
4943.359375	-47.241592
4945.312500	-47.095543
4947.265625	-46.887009
4949.218750	-46.737461
4951.171875	-46.794380
4953.125000	-46.489498
4955.078125	-46.537071
4957.031250	-46.182503
4958.984375	-46.207909
4960.937500	-46.911625
4962.890625	-46.436272
4964.843750	-46.014782
4966.796875	-45.626888
4968.750000	-45.317898
4970.703125	-45.395428
4972.656250	-44.729763
4974.609375	-44.717621
4976.562500	-44.954788
4978.515625	-44.327747
4980.468750	-43.535343
4982.421875	-43.440380
4984.375000	-42.800167
4986.328125	-41.865105
4988.281250	-40.808697
4990.234375	-40.007771
4992.187500	-40.432770
4994.140625	-40.492516
4996.093750	-39.157402
4998.046875	-37.778973
5000.000000	-37.237041
5001.953125	-36.208145
5003.906250	-36.202988
5005.859375	-35.435555
5007.812500	-34.435268
5009.765625	-34.313435
5011.718750	-33.974525
5013.671875	-34.187679
5015.625000	-34.669502
5017.578125	-35.533543
5019.531250	-36.178349
5021.484375	-37.665569
5023.437500	-38.611301
5025.390625	-39.302895
5027.343750	-40.403187
5029.296875	-40.715626
5031.250000	-41.688057
5033.203125	-40.954376
5035.156250	-41.292858
5037.109375	-42.624424
5039.062500	-42.826328
5041.015625	-43.048450
5042.968750	-43.646904
5044.921875	-43.866817
5046.875000	-44.668747
5048.828125	-45.119019
5050.781250	-45.328804
5052.734375	-45.161156
5054.687500	-45.598495
5056.640625	-45.874512
5058.593750	-45.925682
5060.546875	-46.125725
5062.500000	-46.609505
5064.453125	-46.888714
5066.406250	-46.803734
5068.359375	-46.999031
5070.312500	-47.099625
5072.265625	-47.375229
5074.218750	-47.150455
5076.171875	-47.496799
5078.125000	-47.481182
5080.078125	-46.978989
5082.031250	-47.977627
5083.984375	-47.628693
5085.937500	-47.023521
5087.890625	-46.968647
5089.843750	-47.116825
5091.796875	-46.962383
5093.750000	-46.794189
5095.703125	-47.465107
5097.656250	-47.602741
5099.609375	-47.255810
5101.562500	-46.834099
5103.515625	-45.940388
5105.468750	-46.350906
5107.421875	-46.347149
5109.375000	-45.494427
5111.328125	-44.725693
5113.281250	-44.846672
5115.234375	-45.053001
5117.187500	-44.692287
5119.140625	-44.230015
5121.093750	-44.099369
5123.046875	-43.451363
5125.000000	-43.235970
5126.953125	-43.200401
5128.906250	-42.423088
5130.859375	-41.938454
5132.812500	-41.008862
5134.765625	-40.069542
5136.718750	-39.293972
5138.671875	-38.494156
5140.625000	-38.034985
5142.578125	-37.497574
5144.531250	-36.828312
5146.484375	-35.630405
5148.437500	-35.010582
5150.390625	-34.711514
5152.343750	-34.755711
5154.296875	-34.448635
5156.250000	-34.380566
5158.203125	-35.678978
5160.156250	-36.323349
5162.109375	-36.088474
5164.062500	-36.641991
5166.015625	-37.650196
5167.968750	-38.453423
5169.921875	-39.806408
5171.875000	-40.293686
5173.828125	-40.965809
5175.781250	-42.248997
5177.734375	-42.648182
5179.687500	-42.765209
5181.640625	-43.237408
5183.593750	-43.825951
5185.546875	-43.332451
5187.500000	-43.683758
5189.453125	-44.458492
5191.406250	-44.431049
5193.359375	-45.154732
5195.312500	-45.645027
5197.265625	-45.658092
5199.218750	-45.239975
5201.171875	-45.387291
5203.125000	-46.390549
5205.078125	-46.112297
5207.031250	-46.017895
5208.984375	-46.164955
5210.937500	-46.658802
5212.890625	-47.267620
5214.843750	-46.984680
5216.796875	-47.382771
5218.750000	-47.259094
5220.703125	-46.530281
5222.656250	-46.432812
5224.609375	-46.421726
5226.562500	-46.524952
5228.515625	-46.674873
5230.468750	-47.375210
5232.421875	-47.064766
5234.375000	-46.258060
5236.328125	-45.718815
5238.281250	-46.326851
5240.234375	-46.256680
5242.187500	-46.108467
5244.140625	-46.416241
5246.093750	-46.021584
5248.046875	-45.897972
5250.000000	-45.809971
5251.953125	-45.547314
5253.906250	-44.973576
5255.859375	-44.353207
5257.812500	-43.727692
5259.765625	-43.577259
5261.718750	-43.330956
5263.671875	-43.237473
5265.625000	-42.680737
5267.578125	-41.415749
5269.531250	-41.345860
5271.484375	-40.667324
5273.437500	-40.699829
5275.390625	-39.751942
5277.343750	-39.528385
5279.296875	-38.769653
5281.250000	-37.627197
5283.203125	-37.061829
5285.156250	-35.888042
5287.109375	-34.806511
5289.062500	-34.267899
5291.015625	-33.743763
5292.968750	-33.541275
5294.921875	-33.900475
5296.875000	-33.919998
5298.828125	-34.776707
5300.781250	-35.526806
5302.734375	-35.814350
5304.687500	-36.843136
5306.640625	-37.478596
5308.593750	-37.889877
5310.546875	-38.209305
5312.500000	-39.900597
5314.453125	-40.730404
5316.406250	-40.916161
5318.359375	-41.508350
5320.312500	-41.706009
5322.265625	-41.730907
5324.218750	-42.314171
5326.171875	-42.263321
5328.125000	-42.791599
5330.078125	-43.833832
5332.031250	-44.422806
5333.984375	-45.021133
5335.937500	-44.209610
5337.890625	-44.528576
5339.843750	-45.240513
5341.796875	-45.509529
5343.750000	-45.467815
5345.703125	-46.191746
5347.656250	-46.211205
5349.609375	-45.646893
5351.562500	-45.421513
5353.515625	-45.620510
5355.468750	-45.834526
5357.421875	-46.099510
5359.375000	-45.809898
5361.328125	-45.884880
5363.281250	-45.729885
5365.234375	-45.878178
5367.187500	-46.283401
5369.140625	-46.146358
5371.093750	-45.864601
5373.046875	-46.612705
5375.000000	-45.973572
5376.953125	-45.442738
5378.906250	-45.314247
5380.859375	-44.709854
5382.812500	-45.007328
5384.765625	-44.909241
5386.718750	-45.028030
5388.671875	-45.114426
5390.625000	-44.554253
5392.578125	-44.190422
5394.531250	-44.012722
5396.484375	-43.529968
5398.437500	-43.311417
5400.390625	-42.750336
5402.343750	-42.861626
5404.296875	-42.414356
5406.250000	-41.693649
5408.203125	-41.398727
5410.156250	-40.847237
5412.109375	-39.972797
5414.062500	-39.555889
5416.015625	-39.187099
5417.968750	-38.844460
5419.921875	-38.596012
5421.875000	-37.918964
5423.828125	-36.821732
5425.781250	-35.733528
5427.734375	-35.554760
5429.687500	-35.301655
5431.640625	-34.398941
5433.593750	-34.030964
5435.546875	-33.624207
5437.500000	-33.397984
5439.453125	-33.634186
5441.406250	-33.531723
5443.359375	-34.546871
5445.312500	-35.017609
5447.265625	-36.138485
5449.218750	-36.809219
5451.171875	-37.669098
5453.125000	-38.771767
5455.078125	-39.768604
5457.031250	-39.498814
5458.984375	-40.397457
5460.937500	-40.728916
5462.890625	-40.793690
5464.843750	-41.685925
5466.796875	-41.541721
5468.750000	-41.744286
5470.703125	-42.125404
5472.656250	-42.423126
5474.609375	-42.682640
5476.562500	-42.892559
5478.515625	-42.934734
5480.468750	-43.243221
5482.421875	-43.443676
5484.375000	-43.471584
5486.328125	-44.080891
5488.281250	-44.787956
5490.234375	-44.791302
5492.187500	-44.200573
5494.140625	-44.484322
5496.093750	-45.010639
5498.046875	-44.189205
5500.000000	-44.463436
5501.953125	-44.831860
5503.906250	-45.287418
5505.859375	-44.876431
5507.812500	-44.961227
5509.765625	-44.909805
5511.718750	-44.623707
5513.671875	-44.907310
5515.625000	-43.763805
5517.578125	-44.268913
5519.531250	-44.266323
5521.484375	-43.977421
5523.437500	-43.167793
5525.390625	-42.775223
5527.343750	-42.984703
5529.296875	-43.446198
5531.250000	-43.777302
5533.203125	-43.074692
5535.156250	-42.426777
5537.109375	-42.390244
5539.062500	-41.626369
5541.015625	-41.356712
5542.968750	-41.278141
5544.921875	-41.022926
5546.875000	-40.817776
5548.828125	-39.628315
5550.781250	-38.986031
5552.734375	-38.887623
5554.687500	-38.145901
5556.640625	-37.635242
5558.593750	-36.806499
5560.546875	-36.801250
5562.500000	-36.155289
5564.453125	-34.868134
5566.406250	-34.334457
5568.359375	-33.966755
5570.312500	-33.915108
5572.265625	-33.055351
5574.218750	-32.518955
5576.171875	-33.149258
5578.125000	-33.606300
5580.078125	-33.576721
5582.031250	-34.117283
5583.984375	-34.606613
5585.937500	-34.965031
5587.890625	-35.761951
5589.843750	-36.456772
5591.796875	-36.579815
5593.750000	-37.127903
5595.703125	-37.628273
5597.656250	-38.456551
5599.609375	-38.488003
5601.562500	-38.751259
5603.515625	-40.497646
5605.468750	-40.207569
5607.421875	-40.092243
5609.375000	-39.703880
5611.328125	-40.722454
5613.281250	-40.503674
5615.234375	-40.003750
5617.187500	-41.561508
5619.140625	-41.864300
5621.093750	-41.920494
5623.046875	-41.841740
5625.000000	-41.941502
5626.953125	-41.979107
5628.906250	-42.305843
5630.859375	-42.758011
5632.812500	-43.377720
5634.765625	-42.760323
5636.718750	-42.863529
5638.671875	-42.852360
5640.625000	-42.112934
5642.578125	-41.968922
5644.531250	-42.009457
5646.484375	-42.626495
5648.437500	-42.951729
5650.390625	-42.659348
5652.343750	-41.802258
5654.296875	-42.005772
5656.250000	-41.955212
5658.203125	-41.556770
5660.156250	-41.664238
5662.109375	-42.242493
5664.062500	-42.051384
5666.015625	-41.603374
5667.968750	-41.336792
5669.921875	-41.013241
5671.875000	-41.582443
5673.828125	-40.980476
5675.781250	-40.255238
5677.734375	-40.063103
5679.687500	-39.957840
5681.640625	-39.383125
5683.593750	-38.681465
5685.546875	-38.232567
5687.500000	-37.969772
5689.453125	-37.768162
5691.406250	-36.872330
5693.359375	-36.793167
5695.312500	-35.783955
5697.265625	-35.652229
5699.218750	-34.439873
5701.171875	-34.098232
5703.125000	-33.990818
5705.078125	-34.245239
5707.031250	-33.454662
5708.984375	-32.413120
5710.937500	-32.398254
5712.890625	-32.373638
5714.843750	-31.990007
5716.796875	-31.974289
5718.750000	-32.950157
5720.703125	-33.666973
5722.656250	-33.210247
5724.609375	-33.468220
5726.562500	-34.207996
5728.515625	-35.410717
5730.468750	-35.337246
5732.421875	-35.559017
5734.375000	-36.837284
5736.328125	-37.140297
5738.281250	-37.427753
5740.234375	-37.311260
5742.187500	-37.406422
5744.140625	-37.601837
5746.093750	-38.204739
5748.046875	-38.180691
5750.000000	-38.246685
5751.953125	-39.141579
5753.906250	-39.585342
5755.859375	-38.760689
5757.812500	-39.026047
5759.765625	-39.488247
5761.718750	-39.282585
5763.671875	-39.711037
5765.625000	-40.033386
5767.578125	-40.096394
5769.531250	-39.858433
5771.484375	-40.757668
5773.437500	-40.809212
5775.390625	-40.499020
5777.343750	-40.264221
5779.296875	-40.396347
5781.250000	-40.484390
5783.203125	-39.043736
5785.156250	-38.818710
5787.109375	-39.431271
5789.062500	-39.658878
5791.015625	-39.631695
5792.968750	-39.406334
5794.921875	-39.525188
5796.875000	-39.390663
5798.828125	-38.966656
5800.781250	-38.722656
5802.734375	-38.461090
5804.687500	-38.687721
5806.640625	-38.279202
5808.593750	-38.040436
5810.546875	-37.788605
5812.500000	-37.620499
5814.453125	-37.024948
5816.406250	-36.738926
5818.359375	-35.884644
5820.312500	-36.424896
5822.265625	-36.855782
5824.218750	-35.496521
5826.171875	-35.056068
5828.125000	-35.119194
5830.078125	-34.573643
5832.031250	-34.270622
5833.984375	-34.351406
5835.937500	-34.858791
5837.890625	-33.610855
5839.843750	-33.320969
5841.796875	-33.658245
5843.750000	-32.757290
5845.703125	-33.214447
5847.656250	-33.510014
5849.609375	-33.482979
5851.562500	-34.097767
5853.515625	-33.419006
5855.468750	-33.645916
5857.421875	-34.571705
5859.375000	-34.323399
5861.328125	-34.602520
5863.281250	-34.400455
5865.234375	-34.516636
5867.187500	-34.981453
5869.140625	-35.278584
5871.093750	-36.009098
5873.046875	-36.758858
5875.000000	-36.229862
5876.953125	-36.051064
5878.906250	-35.846355
5880.859375	-36.329189
5882.812500	-36.704720
5884.765625	-36.573250
5886.718750	-36.635677
5888.671875	-36.618965
5890.625000	-36.912537
5892.578125	-36.918064
5894.531250	-37.322010
5896.484375	-37.280178
5898.437500	-37.518486
5900.390625	-37.012806
5902.343750	-37.431404
5904.296875	-37.342827
5906.250000	-37.280430
5908.203125	-37.369373
5910.156250	-37.489658
5912.109375	-37.056210
5914.062500	-36.925251
5916.015625	-37.394501
5917.968750	-36.716949
5919.921875	-36.033306
5921.875000	-36.800358
5923.828125	-37.336334
5925.781250	-37.462925
5927.734375	-37.522308
5929.687500	-37.629715
5931.640625	-37.124737
5933.593750	-36.871155
5935.546875	-37.195782
5937.500000	-36.773766
5939.453125	-36.078457
5941.406250	-35.909069
5943.359375	-36.360596
5945.312500	-36.219727
5947.265625	-36.281105
5949.218750	-36.163441
5951.171875	-36.150337
5953.125000	-36.111607
5955.078125	-35.902084
5957.031250	-35.910553
5958.984375	-36.331974
5960.937500	-35.655254
5962.890625	-36.301712
5964.843750	-36.782192
5966.796875	-36.108913
5968.750000	-36.716736
5970.703125	-36.806667
5972.656250	-36.419159
5974.609375	-36.749481
5976.562500	-37.032528
5978.515625	-37.073101
5980.468750	-37.615368
5982.421875	-36.866272
5984.375000	-36.773045
5986.328125	-37.071957
5988.281250	-37.180321
5990.234375	-37.288471
5992.187500	-37.395813
5994.140625	-37.579403
5996.093750	-37.346336
5998.046875	-38.234474
6000.000000	-38.056545
6001.953125	-37.118538
6003.906250	-37.321415
6005.859375	-37.640156
6007.812500	-37.052006
6009.765625	-37.174858
6011.718750	-37.515507
6013.671875	-37.491394
6015.625000	-36.985088
6017.578125	-37.636120
6019.531250	-36.915527
6021.484375	-36.811546
6023.437500	-37.158978
6025.390625	-37.099964
6027.343750	-36.874905
6029.296875	-36.593273
6031.250000	-36.438839
6033.203125	-35.782242
6035.156250	-35.699902
6037.109375	-36.159801
6039.062500	-36.158985
6041.015625	-34.984520
6042.968750	-34.667126
6044.921875	-35.280315
6046.875000	-35.423782
6048.828125	-35.444870
6050.781250	-35.511219
6052.734375	-36.143902
6054.687500	-36.392536
6056.640625	-36.582436
6058.593750	-36.769325
6060.546875	-36.539684
6062.500000	-36.998543
6064.453125	-37.018787
6066.406250	-37.394844
6068.359375	-38.016964
6070.312500	-38.201828
6072.265625	-38.958309
6074.218750	-39.002518
6076.171875	-39.496555
6078.125000	-39.086468
6080.078125	-39.444923
6082.031250	-39.327003
6083.984375	-39.045643
6085.937500	-39.853123
6087.890625	-39.764915
6089.843750	-40.037407
6091.796875	-40.847019
6093.750000	-40.941303
6095.703125	-40.567375
6097.656250	-40.486526
6099.609375	-41.699100
6101.562500	-41.613846
6103.515625	-41.231731
6105.468750	-41.646564
6107.421875	-41.510548
6109.375000	-41.583824
6111.328125	-41.529583
6113.281250	-41.985004
6115.234375	-42.101460
6117.187500	-41.063808
6119.140625	-41.530083
6121.093750	-41.610092
6123.046875	-41.165268
6125.000000	-42.039806
6126.953125	-41.691021
6128.906250	-41.479721
6130.859375	-41.426754
6132.812500	-41.979603
6134.765625	-41.869858
6136.718750	-41.444260
6138.671875	-41.477348
6140.625000	-41.406010
6142.578125	-41.023930
6144.531250	-40.511986
6146.484375	-40.206814
6148.437500	-40.126873
6150.390625	-39.887913
6152.343750	-40.199856
6154.296875	-40.068317
6156.250000	-40.026794
6158.203125	-39.656597
6160.156250	-39.335289
6162.109375	-38.498970
6164.062500	-38.726105
6166.015625	-38.454212
6167.968750	-37.363365
6169.921875	-37.212360
6171.875000	-37.683926
6173.828125	-36.503944
6175.781250	-36.124763
6177.734375	-35.677689
6179.687500	-36.304092
6181.640625	-36.704632
6183.593750	-37.356171
6185.546875	-37.333015
6187.500000	-37.489388
6189.453125	-38.292229
6191.406250	-38.562561
6193.359375	-38.890461
6195.312500	-39.272469
6197.265625	-39.926342
6199.218750	-40.446564
6201.171875	-41.106655
6203.125000	-41.473858
6205.078125	-42.095039
6207.031250	-42.028381
6208.984375	-42.873184
6210.937500	-43.314350
6212.890625	-43.402645
6214.843750	-43.810150
6216.796875	-44.341755
6218.750000	-44.889717
6220.703125	-44.503128
6222.656250	-44.590378
6224.609375	-45.563656
6226.562500	-45.301254
6228.515625	-44.984066
6230.468750	-45.179771
6232.421875	-45.797085
6234.375000	-45.398773
6236.328125	-45.123322
6238.281250	-45.716553
6240.234375	-44.890663
6242.187500	-45.327698
6244.140625	-45.551846
6246.093750	-45.728035
6248.046875	-45.959255
6250.000000	-45.877987
6251.953125	-46.898643
6253.906250	-45.839436
6255.859375	-45.905724
6257.812500	-46.277554
6259.765625	-45.350296
6261.718750	-45.711666
6263.671875	-45.845303
6265.625000	-45.583241
6267.578125	-44.865299
6269.531250	-44.925278
6271.484375	-45.035397
6273.437500	-44.890842
6275.390625	-44.376804
6277.343750	-44.412632
6279.296875	-44.646599
6281.250000	-45.026779
6283.203125	-44.442608
6285.156250	-44.250885
6287.109375	-44.035877
6289.062500	-43.610298
6291.015625	-43.502522
6292.968750	-43.197224
6294.921875	-42.827923
6296.875000	-41.930439
6298.828125	-41.531189
6300.781250	-41.162113
6302.734375	-41.533836
6304.687500	-40.703884
6306.640625	-40.684135
6308.593750	-41.118767
6310.546875	-40.882679
6312.500000	-40.738354
6314.453125	-42.079910
6316.406250	-41.439781
6318.359375	-41.625927
6320.312500	-42.132103
6322.265625	-41.211582
6324.218750	-40.972675
6326.171875	-41.977688
6328.125000	-41.627037
6330.078125	-40.772949
6332.031250	-40.667965
6333.984375	-41.605930
6335.937500	-42.329655
6337.890625	-42.234322
6339.843750	-42.759056
6341.796875	-44.109909
6343.750000	-44.979443
6345.703125	-45.151043
6347.656250	-45.453049
6349.609375	-45.542946
6351.562500	-47.224369
6353.515625	-47.737190
6355.468750	-47.547493
6357.421875	-47.463066
6359.375000	-47.556950
6361.328125	-48.292679
6363.281250	-48.284863
6365.234375	-49.045971
6367.187500	-49.453041
6369.140625	-49.807503
6371.093750	-49.335522
6373.046875	-49.932301
6375.000000	-49.709221
6376.953125	-49.162388
6378.906250	-49.477547
6380.859375	-49.817421
6382.812500	-49.829082
6384.765625	-50.374290
6386.718750	-50.013302
6388.671875	-50.380173
6390.625000	-50.523003
6392.578125	-50.288055
6394.531250	-50.130161
6396.484375	-50.189575
6398.437500	-50.232029
6400.390625	-49.764595
6402.343750	-49.389980
6404.296875	-49.678669
6406.250000	-49.865711
6408.203125	-50.235802
6410.156250	-50.527130
6412.109375	-49.303822
6414.062500	-48.730125
6416.015625	-48.953651
6417.968750	-48.579140
6419.921875	-48.551239
6421.875000	-48.774441
6423.828125	-48.140167
6425.781250	-48.264133
6427.734375	-47.565273
6429.687500	-47.486229
6431.640625	-46.763412
6433.593750	-46.484913
6435.546875	-46.034550
6437.500000	-45.018829
6439.453125	-44.756695
6441.406250	-44.633312
6443.359375	-44.096157
6445.312500	-43.899620
6447.265625	-43.711163
6449.218750	-44.407391
6451.171875	-44.008026
6453.125000	-43.938210
6455.078125	-43.865662
6457.031250	-43.884743
6458.984375	-42.765053
6460.937500	-43.338917
6462.890625	-44.182350
6464.843750	-43.627800
6466.796875	-43.548740
6468.750000	-44.153091
6470.703125	-44.492161
6472.656250	-45.145500
6474.609375	-46.126221
6476.562500	-46.928223
6478.515625	-46.683506
6480.468750	-46.664024
6482.421875	-47.343697
6484.375000	-47.862499
6486.328125	-48.509445
6488.281250	-48.262371
6490.234375	-48.339684
6492.187500	-48.850609
6494.140625	-49.358028
6496.093750	-50.430477
6498.046875	-49.786800
6500.000000	-50.029186
6501.953125	-51.202991
6503.906250	-51.914349
6505.859375	-52.233303
6507.812500	-52.170650
6509.765625	-52.171310
6511.718750	-52.458038
6513.671875	-53.227646
6515.625000	-53.525959
6517.578125	-53.514431
6519.531250	-54.022228
6521.484375	-53.321205
6523.437500	-52.801376
6525.390625	-53.529629
6527.343750	-53.662666
6529.296875	-53.548412
6531.250000	-53.770020
6533.203125	-54.190365
6535.156250	-54.287827
6537.109375	-54.215378
6539.062500	-53.326962
6541.015625	-53.601433
6542.968750	-54.744610
6544.921875	-54.442162
6546.875000	-53.617012
6548.828125	-52.981895
6550.781250	-53.665035
6552.734375	-53.342373
6554.687500	-53.190136
6556.640625	-53.720848
6558.593750	-53.449890
6560.546875	-52.861721
6562.500000	-52.456676
6564.453125	-52.622318
6566.406250	-51.642895
6568.359375	-51.598747
6570.312500	-51.418938
6572.265625	-50.899525
6574.218750	-50.884418
6576.171875	-50.618542
6578.125000	-49.701878
6580.078125	-48.987442
6582.031250	-48.970581
6583.984375	-47.955692
6585.937500	-46.927208
6587.890625	-47.010342
6589.843750	-46.237827
6591.796875	-45.786495
6593.750000	-45.430588
6595.703125	-45.488327
6597.656250	-45.705200
6599.609375	-46.114067
6601.562500	-46.844440
6603.515625	-47.133881
6605.468750	-46.875896
6607.421875	-47.462315
6609.375000	-48.029938
6611.328125	-48.288105
6613.281250	-48.879623
6615.234375	-49.347652
6617.187500	-50.381325
6619.140625	-50.946384
6621.093750	-50.936337
6623.046875	-51.524647
6625.000000	-51.885265
6626.953125	-52.247849
6628.906250	-52.657028
6630.859375	-53.265575
6632.812500	-53.347073
6634.765625	-53.361645
6636.718750	-53.743149
6638.671875	-54.231182
6640.625000	-54.813900
6642.578125	-55.153011
6644.531250	-55.004856
6646.484375	-55.002296
6648.437500	-54.904079
6650.390625	-55.071281
6652.343750	-55.133404
6654.296875	-55.945091
6656.250000	-56.127392
6658.203125	-56.152775
6660.156250	-56.518723
6662.109375	-56.805496
6664.062500	-57.270782
6666.015625	-57.801636
6667.968750	-57.703598
6669.921875	-57.235916
6671.875000	-57.575348
6673.828125	-58.379032
6675.781250	-58.107140
6677.734375	-57.220360
6679.687500	-57.183018
6681.640625	-57.482693
6683.593750	-57.424290
6685.546875	-57.902142
6687.500000	-56.815277
6689.453125	-57.005936
6691.406250	-57.795204
6693.359375	-57.290710
6695.312500	-57.221264
6697.265625	-57.163139
6699.218750	-57.070263
6701.171875	-56.670200
6703.125000	-56.644215
6705.078125	-55.807251
6707.031250	-55.964458
6708.984375	-55.387608
6710.937500	-55.318756
6712.890625	-55.318344
6714.843750	-55.089909
6716.796875	-54.361217
6718.750000	-54.443520
6720.703125	-54.405575
6722.656250	-53.982666
6724.609375	-53.223850
6726.562500	-52.375362
6728.515625	-52.257824
6730.468750	-51.973110
6732.421875	-51.826923
6734.375000	-51.594967
6736.328125	-50.744961
6738.281250	-50.368980
6740.234375	-50.847691
6742.187500	-50.042385
6744.140625	-49.772678
6746.093750	-50.134052
6748.046875	-50.541176
6750.000000	-50.709274
6751.953125	-51.236912
6753.906250	-51.327747
6755.859375	-51.458668
6757.812500	-52.683231
6759.765625	-53.189754
6761.718750	-53.659920
6763.671875	-54.391396
6765.625000	-54.539173
6767.578125	-55.240311
6769.531250	-56.180870
6771.484375	-57.049652
6773.437500	-57.781651
6775.390625	-58.182053
6777.343750	-58.038059
6779.296875	-58.913509
6781.250000	-59.942047
6783.203125	-59.598110
6785.156250	-59.690872
6787.109375	-60.519966
6789.062500	-60.306625
6791.015625	-60.077347
6792.968750	-61.039719
6794.921875	-60.395172
6796.875000	-60.195488
6798.828125	-60.764561
6800.781250	-61.196938
6802.734375	-61.097950
6804.687500	-61.389477
6806.640625	-61.719128
6808.593750	-61.421276
6810.546875	-61.210735
6812.500000	-61.762455
6814.453125	-62.141899
6816.406250	-61.644680
6818.359375	-61.505386
6820.312500	-61.335186
6822.265625	-61.637844
6824.218750	-61.942539
6826.171875	-61.376503
6828.125000	-61.848186
6830.078125	-61.551422
6832.031250	-61.334522
6833.984375	-61.643833
6835.937500	-60.892170
6837.890625	-61.366165
6839.843750	-61.796486
6841.796875	-60.955074
6843.750000	-61.388058
6845.703125	-61.660381
6847.656250	-60.806679
6849.609375	-60.307220
6851.562500	-60.063805
6853.515625	-60.149311
6855.468750	-59.529896
6857.421875	-59.385475
6859.375000	-58.642303
6861.328125	-57.879311
6863.281250	-58.050541
6865.234375	-57.599922
6867.187500	-57.430977
6869.140625	-57.372284
6871.093750	-57.636551
6873.046875	-56.368244
6875.000000	-56.019093
6876.953125	-55.978123
6878.906250	-54.708904
6880.859375	-53.947430
6882.812500	-54.125729
6884.765625	-54.502193
6886.718750	-55.080048
6888.671875	-54.597523
6890.625000	-54.906677
6892.578125	-55.580196
6894.531250	-56.237728
6896.484375	-56.535160
6898.437500	-56.526493
6900.390625	-56.645241
6902.343750	-57.352600
6904.296875	-57.736626
6906.250000	-58.261696
6908.203125	-58.941559
6910.156250	-59.355820
6912.109375	-60.491711
6914.062500	-60.774151
6916.015625	-61.083652
6917.968750	-61.665714
6919.921875	-61.537426
6921.875000	-61.865112
6923.828125	-62.522533
6925.781250	-62.852043
6927.734375	-63.111706
6929.687500	-63.676998
6931.640625	-63.548782
6933.593750	-64.210091
6935.546875	-64.780663
6937.500000	-64.882034
6939.453125	-64.633675
6941.406250	-64.634262
6943.359375	-64.844475
6945.312500	-66.218285
6947.265625	-66.329239
6949.218750	-66.433014
6951.171875	-66.479668
6953.125000	-66.798569
6955.078125	-66.543251
6957.031250	-66.594124
6958.984375	-67.047569
6960.937500	-67.113495
6962.890625	-67.014931
6964.843750	-67.406883
6966.796875	-66.712410
6968.750000	-66.472588
6970.703125	-66.861534
6972.656250	-66.709251
6974.609375	-66.559349
6976.562500	-66.742233
6978.515625	-66.856796
6980.468750	-66.423058
6982.421875	-66.271530
6984.375000	-66.363785
6986.328125	-65.994385
6988.281250	-65.707802
6990.234375	-65.576599
6992.187500	-65.159470
6994.140625	-64.980492
6996.093750	-64.737022
6998.046875	-64.459259
7000.000000	-64.467941
7001.953125	-64.202614
7003.906250	-63.094215
7005.859375	-63.217995
7007.812500	-63.532444
7009.765625	-63.194370
7011.718750	-62.355911
7013.671875	-61.112343
7015.625000	-60.651337
7017.578125	-61.121101
7019.531250	-60.300922
7021.484375	-59.941792
7023.437500	-58.880783
7025.390625	-58.501450
7027.343750	-58.125023
7029.296875	-58.343834
7031.250000	-58.424240
7033.203125	-58.813557
7035.156250	-59.244305
7037.109375	-59.930298
7039.062500	-59.970291
7041.015625	-60.964405
7042.968750	-62.044769
7044.921875	-62.794876
7046.875000	-63.257729
7048.828125	-64.488068
7050.781250	-65.357803
7052.734375	-65.923706
7054.687500	-65.826454
7056.640625	-66.513504
7058.593750	-67.055267
7060.546875	-67.518745
7062.500000	-67.969635
7064.453125	-68.703903
7066.406250	-68.957794
7068.359375	-69.654083
7070.312500	-69.161392
7072.265625	-69.288284
7074.218750	-69.799133
7076.171875	-70.767715
7078.125000	-71.073219
7080.078125	-71.502640
7082.031250	-71.820221
7083.984375	-71.565598
7085.937500	-71.614883
7087.890625	-71.420273
7089.843750	-71.848946
7091.796875	-71.215424
7093.750000	-71.783684
7095.703125	-72.076340
7097.656250	-71.884781
7099.609375	-71.564194
7101.562500	-72.060707
7103.515625	-72.757973
7105.468750	-73.090866
7107.421875	-73.092010
7109.375000	-73.746307
7111.328125	-73.266457
7113.281250	-72.704521
7115.234375	-72.863358
7117.187500	-72.157829
7119.140625	-72.429657
7121.093750	-73.283089
7123.046875	-72.971848
7125.000000	-72.207771
7126.953125	-71.745064
7128.906250	-72.163078
7130.859375	-71.840569
7132.812500	-71.780312
7134.765625	-71.619255
7136.718750	-71.466690
7138.671875	-71.786125
7140.625000	-71.602989
7142.578125	-71.452698
7144.531250	-69.666992
7146.484375	-69.400497
7148.437500	-69.360588
7150.390625	-69.193504
7152.343750	-68.289429
7154.296875	-68.398079
7156.250000	-68.460182
7158.203125	-67.948296
7160.156250	-67.786652
7162.109375	-67.403603
7164.062500	-66.286858
7166.015625	-65.792290
7167.968750	-65.845810
7169.921875	-66.072479
7171.875000	-66.091331
7173.828125	-66.158035
7175.781250	-66.018639
7177.734375	-66.395630
7179.687500	-67.116020
7181.640625	-67.787682
7183.593750	-67.976601
7185.546875	-68.739372
7187.500000	-69.111160
7189.453125	-69.889778
7191.406250	-70.124153
7193.359375	-70.272217
7195.312500	-71.292542
7197.265625	-72.231277
7199.218750	-72.813522
7201.171875	-73.065643
7203.125000	-73.574760
7205.078125	-74.518517
7207.031250	-74.975822
7208.984375	-75.468094
7210.937500	-76.021515
7212.890625	-75.914337
7214.843750	-76.105820
7216.796875	-76.612007
7218.750000	-76.501495
7220.703125	-77.104614
7222.656250	-77.402153
7224.609375	-77.812134
7226.562500	-78.770668
7228.515625	-78.867752
7230.468750	-78.872375
7232.421875	-78.816040
7234.375000	-78.508270
7236.328125	-78.202301
7238.281250	-78.423676
7240.234375	-79.367958
7242.187500	-79.603226
7244.140625	-79.456848
7246.093750	-79.859970
7248.046875	-79.371933
7250.000000	-79.243599
7251.953125	-79.334686
7253.906250	-79.367088
7255.859375	-79.801620
7257.812500	-79.159111
7259.765625	-79.761879
7261.718750	-79.922348
7263.671875	-78.961021
7265.625000	-78.971832
7267.578125	-79.379395
7269.531250	-79.793571
7271.484375	-79.451340
7273.437500	-79.617332
7275.390625	-79.401619
7277.343750	-78.826202
7279.296875	-79.143143
7281.250000	-77.910774
7283.203125	-78.833878
7285.156250	-78.616547
7287.109375	-78.322418
7289.062500	-77.641396
7291.015625	-77.633293
7292.968750	-77.494255
7294.921875	-77.283104
7296.875000	-76.503159
7298.828125	-75.592979
7300.781250	-74.614723
7302.734375	-73.780472
7304.687500	-73.839470
7306.640625	-73.937080
7308.593750	-73.445908
7310.546875	-72.505501
7312.500000	-71.658478
7314.453125	-71.651482
7316.406250	-72.107407
7318.359375	-72.682953
7320.312500	-73.128227
7322.265625	-73.296532
7324.218750	-73.979050
7326.171875	-74.568192
7328.125000	-75.686134
7330.078125	-76.910095
7332.031250	-77.227692
7333.984375	-77.991226
7335.937500	-78.222275
7337.890625	-77.890518
7339.843750	-78.419838
7341.796875	-80.146889
7343.750000	-80.791443
7345.703125	-81.368774
7347.656250	-81.535866
7349.609375	-82.615150
7351.562500	-82.653297
7353.515625	-83.047714
7355.468750	-83.110352
7357.421875	-82.882111
7359.375000	-83.421333
7361.328125	-84.191849
7363.281250	-84.074913
7365.234375	-84.206154
7367.187500	-84.460213
7369.140625	-84.526131
7371.093750	-84.756058
7373.046875	-85.212090
7375.000000	-85.589607
7376.953125	-85.430031
7378.906250	-85.929329
7380.859375	-85.635612
7382.812500	-86.133240
7384.765625	-86.324867
7386.718750	-86.648163
7388.671875	-86.913994
7390.625000	-86.480438
7392.578125	-86.489166
7394.531250	-86.954918
7396.484375	-87.141365
7398.437500	-86.812645
7400.390625	-86.995064
7402.343750	-86.948273
7404.296875	-86.865013
7406.250000	-86.362328
7408.203125	-86.593033
7410.156250	-86.842346
7412.109375	-86.085930
7414.062500	-86.540436
7416.015625	-86.733749
7417.968750	-86.466599
7419.921875	-86.481155
7421.875000	-86.469673
7423.828125	-85.840118
7425.781250	-86.505569
7427.734375	-86.977997
7429.687500	-85.965889
7431.640625	-85.516037
7433.593750	-85.180702
7435.546875	-84.721077
7437.500000	-84.423820
7439.453125	-83.896835
7441.406250	-83.870583
7443.359375	-83.642593
7445.312500	-83.355728
7447.265625	-82.898453
7449.218750	-83.169411
7451.171875	-82.852821
7453.125000	-81.786797
7455.078125	-81.672150
7457.031250	-81.738518
7458.984375	-81.864113
7460.937500	-81.366058
7462.890625	-81.181129
7464.843750	-81.916939
7466.796875	-82.610550
7468.750000	-83.218010
7470.703125	-83.834129
7472.656250	-84.491806
7474.609375	-84.572906
7476.562500	-85.353714
7478.515625	-85.525719
7480.468750	-85.987686
7482.421875	-86.130463
7484.375000	-86.226997
7486.328125	-86.990234
7488.281250	-87.463020
7490.234375	-87.740501
7492.187500	-87.598297
7494.140625	-87.813057
7496.093750	-88.528992
7498.046875	-89.058174
7500.000000	-88.959106
7501.953125	-89.561653
7503.906250	-89.729469
7505.859375	-90.429192
7507.812500	-89.788170
7509.765625	-89.649612
7511.718750	-90.127129
7513.671875	-89.801918
7515.625000	-89.896675
7517.578125	-90.472954
7519.531250	-90.778717
7521.484375	-90.864464
7523.437500	-91.244926
7525.390625	-91.010025
7527.343750	-91.437813
7529.296875	-91.542862
7531.250000	-91.511536
7533.203125	-91.133087
7535.156250	-90.605865
7537.109375	-91.065697
7539.062500	-91.304276
7541.015625	-91.220100
7542.968750	-91.406662
7544.921875	-92.217918
7546.875000	-91.977165
7548.828125	-91.643448
7550.781250	-92.254417
7552.734375	-91.787338
7554.687500	-91.643288
7556.640625	-92.196945
7558.593750	-92.292137
7560.546875	-91.822632
7562.500000	-91.638000
7564.453125	-91.815605
7566.406250	-92.136986
7568.359375	-92.624138
7570.312500	-92.493706
7572.265625	-92.412117
7574.218750	-91.723389
7576.171875	-92.534897
7578.125000	-92.114685
7580.078125	-91.500885
7582.031250	-91.859703
7583.984375	-91.904305
7585.937500	-91.732643
7587.890625	-91.496635
7589.843750	-91.549881
7591.796875	-90.807907
7593.750000	-89.701950
7595.703125	-89.576836
7597.656250	-89.301353
7599.609375	-88.448654
7601.562500	-88.773125
7603.515625	-89.080139
7605.468750	-88.592758
7607.421875	-88.727554
7609.375000	-89.091049
7611.328125	-89.740196
7613.281250	-90.317490
7615.234375	-91.296318
7617.187500	-91.785355
7619.140625	-91.725304
7621.093750	-92.606995
7623.046875	-92.806717
7625.000000	-93.671448
7626.953125	-94.151955
7628.906250	-94.143082
7630.859375	-93.815979
7632.812500	-93.739929
7634.765625	-94.002846
7636.718750	-94.614532
7638.671875	-95.935379
7640.625000	-95.864929
7642.578125	-96.745781
7644.531250	-96.707008
7646.484375	-96.715569
7648.437500	-96.623505
7650.390625	-96.524208
7652.343750	-96.582932
7654.296875	-96.533752
7656.250000	-96.864716
7658.203125	-97.651009
7660.156250	-98.264618
7662.109375	-98.295105
7664.062500	-99.054672
7666.015625	-98.987213
7667.968750	-98.999580
7669.921875	-99.599922
7671.875000	-99.711143
7673.828125	-99.346085
7675.781250	-99.676949
7677.734375	-100.439117
7679.687500	-100.475502
7681.640625	-100.472900
7683.593750	-100.798691
7685.546875	-101.621750
7687.500000	-101.701126
7689.453125	-101.708755
7691.406250	-101.761353
7693.359375	-101.892433
7695.312500	-102.569351
7697.265625	-102.743011
7699.218750	-102.363953
7701.171875	-102.672661
7703.125000	-103.681175
7705.078125	-103.932602
7707.031250	-103.746384
7708.984375	-104.579590
7710.937500	-105.213417
7712.890625	-105.520294
7714.843750	-105.496422
7716.796875	-106.468689
7718.750000	-106.458519
7720.703125	-106.023438
7722.656250	-106.468513
7724.609375	-106.857002
7726.562500	-107.360847
7728.515625	-107.331680
7730.468750	-107.365158
7732.421875	-107.158203
7734.375000	-106.358673
7736.328125	-106.695984
7738.281250	-106.468224
7740.234375	-105.848846
7742.187500	-105.262123
7744.140625	-104.862938
7746.093750	-104.862228
7748.046875	-105.883080
7750.000000	-106.322105
7751.953125	-106.756775
7753.906250	-108.225067
7755.859375	-109.433952
7757.812500	-109.653854
7759.765625	-109.672020
7761.718750	-110.903770
7763.671875	-111.359772
7765.625000	-111.148376
7767.578125	-111.774719
7769.531250	-112.908371
7771.484375	-113.390755
7773.437500	-113.723511
7775.390625	-114.400284
7777.343750	-115.435959
7779.296875	-115.826706
7781.250000	-116.120461
7783.203125	-116.103630
7785.156250	-116.793823
7787.109375	-117.718475
7789.062500	-118.443207
7791.015625	-119.129478
7792.968750	-119.591682
7794.921875	-120.358238
7796.875000	-120.863396
7798.828125	-121.234909
7800.781250	-121.932594
7802.734375	-123.060448
7804.687500	-123.503998
7806.640625	-123.556427
7808.593750	-124.522240
7810.546875	-125.651543
7812.500000	-125.801186
7814.453125	-125.707115
7816.406250	-125.994118
7818.359375	-126.598648
7820.312500	-127.652016
7822.265625	-128.545563
7824.218750	-128.957077
7826.171875	-129.980835
7828.125000	-131.025238
7830.078125	-131.629272
7832.031250	-131.471893
7833.984375	-131.964966
7835.937500	-132.662567
7837.890625	-133.352921
7839.843750	-133.807663
7841.796875	-134.020859
7843.750000	-135.214203
7845.703125	-135.776993
7847.656250	-136.240250
7849.609375	-137.738342
7851.562500	-138.576859
7853.515625	-139.549591
7855.468750	-139.819427
7857.421875	-140.179306
7859.375000	-141.197769
7861.328125	-142.263290
7863.281250	-142.639740
7865.234375	-143.689011
7867.187500	-144.650192
7869.140625	-145.274231
7871.093750	-146.228531
7873.046875	-146.403107
7875.000000	-146.224380
7876.953125	-146.354263
7878.906250	-146.844437
7880.859375	-148.267960
7882.812500	-148.399689
7884.765625	-149.028152
7886.718750	-149.105316
7888.671875	-148.641556
7890.625000	-149.147797
7892.578125	-150.514709
7894.531250	-151.351089
7896.484375	-152.234039
7898.437500	-154.322617
7900.390625	-155.224396
7902.343750	-156.732559
7904.296875	-157.818192
7906.250000	-158.949814
7908.203125	-159.219406
7910.156250	-161.314346
7912.109375	-162.581070
7914.062500	-163.412628
7916.015625	-164.906815
7917.968750	-165.948715
7919.921875	-166.819534
7921.875000	-168.307343
7923.828125	-170.546448
7925.781250	-170.960052
7927.734375	-172.731018
7929.687500	-173.341583
7931.640625	-174.148209
7933.593750	-174.556427
7935.546875	-175.543243
7937.500000	-176.241760
7939.453125	-177.369003
7941.406250	-177.671387
7943.359375	-177.856369
7945.312500	-177.551056
7947.265625	-178.797501
7949.218750	-177.898346
7951.171875	-178.489548
7953.125000	-178.176529
7955.078125	-178.461975
7957.031250	-177.729996
7958.984375	-178.424774
7960.937500	-179.014801
7962.890625	-177.755447
7964.843750	-178.785583
7966.796875	-178.168106
7968.750000	-178.980453
7970.703125	-178.858673
7972.656250	-178.588974
7974.609375	-177.417618
7976.562500	-178.267807
7978.515625	-178.094940
7980.468750	-178.129974
7982.421875	-177.960251
7984.375000	-177.728241
7986.328125	-178.758835
7988.281250	-177.398468
7990.234375	-177.250275
7992.187500	-178.152313
7994.140625	-177.571411
7996.093750	-177.473343
7998.046875	-176.843536
